2
3
4
5
6
7
8
9
10
11
12
13
14
15
16
17
18
19
20
21
22
23
24
25
26
27
28
29
30
31
32
33
34
35
36
37
38
39
40
41
42
43
44
45
46
47
48
49
50
51
52
53
55
56
57
58
59
60
61
62
63
64
65
66
67
68
69
70
74
75
76
77
78
79
80
81
82
83
84
85
86
87
88
90
91
94
96
100
101
102
103
104
105
107
109
111
112
113
115
116
117
118
119
121
123
124
141
142
143
144
145
146
147
148
149
150
151
153
154
156
157
159
160
161
163
167
168
169
170
171
172
174
176
177
178
180
181
182
184
185
186
188
190
191
200
201
202
203
204
205
206
207
208
209
210
211
212
214
215
216
217
218
219
220
221
222
223
224
225
226
227
228
230
231
234
237
238
245
246
247
248
249
250
251
252
253
254
255
258
261
264
265
266
267
270
271
272
273
274
275
276
279
282
283
284
301
302
303
304
305
306
308
309
311
312
313
314
315
316
317
318
319
321
322
323
324
325
326
327
328
329
330
331
332
333
334
335
337
338
340
344
345
346
347
348
349
350
351
352
353
354
356
358
359
360
362
363
364
366
367
368
370
372
373
390
391
392
393
394
395
396
397
398
399
400
401
402
403
404
405
406
407
410
413
414
416
417
419
422
425
427
428
429
430
431
432
433
434
436
437
439
440
441
442
443
446
449
450
452
453
455
458
461
463
464
466
467
469
470
472
473
475
477
478
479
481
482
483
484
485
486
487
488
489
490
491
492
493
504
505
508
518
519
520
521
522
523
524
525
526
527
528
529
530
533
534
535
536
537
538
539
540
541
542
543
544
545
550
551
552
553
554
555
556
557
558
559
568
569
570
580
581
582
584
585
586
587
588
591
592
593
596
597
598
599
600
601
602
603
604
605
606
607
608
609
610
611
612
614
615
616
617
618
619
624
625
626
627
628
629
630
631
632
633
634
635
636
637
641
642
643
644
645
646
647
648
649
650
651
652
653
654
658
659
660
661
662
663
664
665
666
667
668
669
670
671
675
676
677
678
679
680
681
682
683
684
685
686
687
688
692
693
694
695
696
697
698
699
700
701
702
703
704
705
709
710
711
712
713
714
715
716
717
718
719
720
721
722
726
727
728
729
730
731
732
733
734
735
736
737
738
739
743
744
745
746
747
748
749
750
751
752
753
754
755
756
760
761
762
763
764
765
766
767
768
769
770
771
772
773
777
778
779
780
781
782
783
784
785
786
787
788
789
790
794
795
796
797
798
799
800
801
802
803
804
805
806
807
811
812
813
814
815
816
817
818
819
820
821
822
823
824
828
829
830
831
832
834
835
836
837
838
839
840
