58
59
63
64
65
66
67
68
73
74
75
76
81
82
83
113
114
115
116
117
118
119
120
125
136
137
138
139
140
141
142
143
144
145
146
147
148
149
150
151
152
153
154
155
156
157
158
159
160
161
162
163
164
165
180
191
192
197
198
199
200
205
206
207
208
210
212
213
214
215
216
217
218
219
225
226
231
233
234
246
259
260
262
265
266
267
268
269
270
273
276
277
292
293
294
295
296
297
298
299
300
301
306
308
310
312
313
314
315
316
317
318
319
320
321
322
324
325
326
327
328
341
343
364
366
367
368
369
388
389
390
391
392
393
394
397
409
410
412
413
414
415
416
417
419
420
421
422
423
424
425
426
427
428
432
433
434
435
457
458
459
460
467
470
471
481
499
502
503
504
505
506
507
508
509
510
511
515
519
521
532
533
543
544
545
546
548
550
551
552
553
554
555
556
557
558
559
560
561
562
563
564
565
566
567
568
572
573
574
575
576
577
578
579
580
581
582
583
584
585
593
594
595
596
597
598
599
600
601
602
603
604
605
606
607
608
609
610
611
612
613
614
615
616
617
618
619
620
621
626
627
628
629
630
631
632
633
634
635
636
637
639
640
656
657
658
659
660
661
662
663
664
665
666
667
668
669
670
671
672
673
674
675
676
687
688
689
690
691
692
693
694
699
700
703
704
706
707
708
709
710
711
712
713
714
715
716
717
718
719
720
722
723
724
726
727
728
729
730
731
732
733
734
735
736
737
749
750
752
753
754
756
760
761
762
763
764
776
777
778
779
780
781
782
783
784
785
789
790
791
792
793
794
806
807
808
809
811
812
817
818
819
820
821
822
823
824
825
827
828
829
830
831
832
833
834
835
836
837
838
839
845
846
847
852
853
859
861
862
863
864
865
866
867
868
869
870
871
883
884
885
886
891
892
894
898
899
900
901
902
903
904
905
906
907
911
912
913
914
915
916
917
918
919
920
921
922
923
924
925
926
927
928
929
930
931
932
933
937
938
939
940
941
942
943
944
945
946
947
948
949
953
954
955
962
963
964
965
966
967
968
969
970
971
972
973
974
975
976
977
978
979
980
981
982
983
984
985
986
987
988
989
990
991
992
993
997
998
999
1000
1001
1002
1003
1004
1005
1006
1018
1020
1021
1022
1023
1024
1029
1030
1031
1032
1033
1036
1039
1040
1044
1045
1046
1047
1051
1052
1056
1057
1058
1059
1060
1061
1062
1063
1064
1065
1066
1067
1068
1069
1070
1071
1072
1073
1074
1075
1076
1077
1078
1079
1080
1081
1082
1083
1084
1085
1086
1090
1091
1102
1103
1104
1105
1106
1109
1110
1111
1112
1113
1114
1115
1116
1117
1118
1122
1129
1132
1133
1134
1135
1136
1137
1139
1150
1154
1155
1156
1157
1163
1164
1167
1168
1170
1171
1172
1173
1174
1175
1176
1177
1178
1179
1180
1181
1183
1198
1199
1200
1201
1206
1207
1208
1209
1214
1215
1216
1217
1222
1223
1224
1225
1230
1231
1232
1233
1238
1239
1240
1241
1246
1247
1248
1249
1262
1263
1264
1265
1278
1279
1280
1281
1286
1287
1288
1289
1294
1295
1296
1297
1302
1303
1304
1305
1310
1311
1312
1313
1318
1319
1320
1321
1326
1327
1328
1329
1334
1335
1336
1337
1350
1351
1352
1353
1366
1367
1368
1369
1374
1375
1376
1377
1378
1379
1380
1381
1382
1383
1384
1385
1386
1388
1389
1393
1394
1395
1396
1397
1398
1399
1400
1401
1402
1410
1413
1415
1416
1417
1418
1419
1420
1421
1422
1423
1424
1425
1426
1427
1428
1437
1438
1439
1440
1441
1442
1443
1444
1445
1446
1447
1448
1449
1450
1451
1452
1453
1454
1455
1456
1457
1458
1459
1460
1461
1462
1463
1464
1465
1466
1467
1468
1469
1470
1471
1474
1476
1477
1478
1479
1480
1481
1488
1492
1493
1494
1496
1499
1500
1501
1502
1503
1504
1505
1506
1507
1508
1509
1511
