8
9
11
16
28
29
30
31
32
33
34
35
36
37
38
40
41
42
43
53
58
72
74
75
76
77
78
79
80
81
82
83
85
87
89
91
93
96
101
102
106
128
129
130
131
132
134
136
137
138
139
140
141
142
143
144
149
151
158
164
169
170
171
172
173
178
191
192
193
194
195
196
201
203
210
216
221
222
223
224
225
227
232
234
235
236
237
244
247
248
249
250
251
252
253
254
255
266
267
268
269
270
271
272
273
274
275
276
277
278
279
280
281
282
283
284
285
286
287
288
289
290
291
292
293
294
295
296
297
300
301
302
309
311
312
313
314
315
316
317
318
319
320
321
322
325
326
327
334
336
338
339
340
341
348
351
352
353
354
355
362
363
364
365
366
367
368
369
370
371
372
373
374
375
376
378
383
388
392
393
394
395
396
403
406
407
409
410
411
412
413
414
415
416
417
418
419
420
421
422
423
424
425
426
427
428
429
430
431
432
433
434
435
436
437
438
439
440
441
442
443
444
445
446
447
448
449
450
451
452
453
455
462
463
465
466
467
468
470
471
472
473
474
475
476
477
478
479
480
481
482
483
484
485
490
491
492
493
494
495
496
497
498
502
503
505
509
510
511
512
513
516
518
520
523
524
525
526
527
528
529
530
531
532
533
534
535
536
537
538
539
540
541
542
543
544
545
546
547
548
549
550
551
552
553
554
555
556
557
558
559
560
561
562
563
564
565
566
567
568
569
570
572
573
574
575
576
577
578
580
581
582
583
584
585
586
597
609
610
612
613
614
621
622
624
625
626
627
629
630
631
632
633
634
638
639
640
641
642
644
645
646
647
648
649
650
651
652
653
654
655
656
657
658
659
660
662
663
664
665
673
674
676
677
678
679
681
682
683
685
686
687
689
690
691
692
693
694
695
696
697
698
699
700
701
703
704
705
706
707
708
709
710
711
712
713
714
715
718
719
720
727
735
736
738
739
740
741
742
745
752
753
754
755
756
757
758
759
760
761
763
767
768
769
771
772
774
775
776
777
778
779
780
783
787
788
789
790
791
798
801
802
804
805
806
807
808
810
811
812
814
815
817
818
820
821
823
824
826
827
829
830
832
833
834
835
841
842
844
845
846
848
849
850
852
856
857
858
859
860
861
863
865
866
867
869
870
871
873
874
879
880
881
882
889
904
905
906
910
911
912
913
914
917
923
924
925
928
929
930
931
932
933
934
935
936
937
938
939
941
943
944
945
946
947
948
949
950
952
953
955
957
960
961
962
963
964
965
968
969
971
972
973
974
975
976
977
978
979
999
1000
1001
1008
1009
1010
1029
1030
1031
1034
1038
1039
1040
1042
1046
1047
1048
1049
1050
1051
1053
1055
1056
1057
1059
1060
1061
1063
1064
1069
1070
1071
1072
1079
1087
1088
1090
1098
1099
1101
1102
1103
1104
1106
1107
1108
1109
1110
1111
1112
1113
1115
1116
1117
1118
1120
1121
1122
1123
1124
1125
1128
1129
1130
1131
1132
1133
1134
1135
1136
1138
1139
1140
1141
1143
1144
1145
1146
1147
1148
1151
1152
1153
1154
1155
1156
1157
1158
1159
1161
1162
1163
1164
1166
1167
1168
1169
1170
1171
1172
1173
1175
1176
1177
1178
1180
1181
1182
1183
1184
1185
1188
1189
1190
1191
1192
1193
1194
1195
1197
1198
1199
1200
1202
1203
1204
1205
1206
1207
1210
1211
1212
1213
1214
1215
1222
1225
1227
1228
1230
1231
1232
1234
1236
1238
1240
1242
1244
1245
1246
1247
1251
1252
1253
1254
1255
1258
1259
1260
1262
1263
1264
1265
1266
1267
1268
1269
1270
1271
1272
1274
1275
1276
1277
1279
1280
1281
1282
1283
1284
1285
1286
1288
1290
1291
1292
1293
1294
1295
1296
1297
1299
1300
1302
1304
1307
1308
1309
1310
1311
1312
1315
1316
1318
1319
1320
1321
1322
1323
1324
1325
1326
1327
1328
1329
1330
1331
1333
1335
1336
1337
1338
1339
1340
1341
1342
1344
1345
1346
1348
1349
1350
1351
1352
1353
1355
1356
1357
1358
1359
1360
1361
1362
1363
1364
1368
1369
1370
1371
1372
1373
1374
1375
1377
1378
1379
1380
1382
1383
1384
1392
1393
1394
1395
1396
1397
1398
1399
1404
1416
1417
1418
1419
1426
1427
1428
1429
1430
1431
1432
1433
1435
1437
1438
1439
1441
1443
1445
1447
1449
1450
1451
1452
1453
1456
1457
1464
1465
1466
1467
1468
1469
1470
1471
1472
1473
1478
1479
1482
1486
1487
1492
1493
1495
1502
1503
1504
1505
1506
1507
1508
1509
1510
1511
1512
1513
1514
1515
1516
1517
1519
1520
1524
1525
1526
1527
1528
1529
1530
1531
1532
1533
1535
1537
1539
1541
1543
1544
1545
1547
1549
1551
1553
1555
1557
1558
1560
1561
1562
1563
1564
1567
1570
1571
1573
1574
1576
1579
1591
1593
1595
1597
1599
1601
1602
1604
1605
1606
1609
1612
1614
1615
1616
1617
1618
1621
1624
1625
1627
1628
1630
1633
1645
1647
1649
1651
1653
1655
1656
1658
1659
1660
1663
1666
1667
1668
1669
1670
1671
1672
1673
1675
1676
1677
1678
1679
1680
1681
1682
1683
1684
1685
1686
1687
1690
1691
1692
1699
1707
1708
1710
1715
1727
1728
1729
1730
1731
1732
1733
1734
1735
1736
1737
1738
1741
1742
1743
1750
1758
1759
1760
1761
1762
1763
1764
1765
1766
1767
1768
1769
1770
1771
1772
1773
1774
1775
1776
1777
1778
1779
1780
1781
1782
1783
1785
1786
1796
1797
1799
1800
1801
1802
1806
1808
1810
1812
1814
1816
1818
1819
1820
1824
1825
1826
1827
1829
1830
1831
1833
1837
1838
1839
1840
1841
1848
1851
1852
1854
1855
1856
1857
1858
1859
1860
1861
1862
1863
1864
1866
1867
1871
1872
1873
1874
1875
1876
1877
1878
1879
1880
1881
1882
1885
1886
1887
1894
1902
1903
1905
1910
1922
1923
1924
1925
1926
1927
1928
1929
1930
1931
1932
1933
1936
1937
1938
1945
1953
1954
1956
1957
1958
1959
1962
1963
1964
1965
1966
1967
1968
1969
1970
1971
1972
1973
1975
1976
1977
1978
1979
1980
1981
1982
1983
1984
1985
1986
1988
1989
1992
1995
1996
2009
2010
2011
2012
2013
2014
2015
2016
2017
2018
2019
2020
2021
2022
2023
2024
2027
2028
2029
2036
2044
2045
2047
2049
2051
2052
2053
2055
2057
2059
2061
2063
2064
2065
2066
2067
2068
2069
2070
2071
2072
2074
2075
2076
2083
2084
2086
2087
2088
2089
2091
2094
2097
2098
2111
2112
2113
2114
2115
2116
2117
2118
2119
2120
2121
2122
2123
2124
2125
2126
2129
2130
2131
2138
2146
2147
2149
2151
2152
2153
2154
2155
2156
2157
2158
2159
2160
2162
2163
2164
2171
2172
2174
2175
2176
2177
2179
2182
2185
2186
2199
2200
2201
2202
2203
2204
2205
2206
2207
2208
2209
2210
2211
2212
2213
2214
2217
2218
2219
2226
2234
2235
2237
2239
2241
2242
2243
2245
2247
2249
2251
2253
2254
2255
2256
2257
2258
2259
2260
2261
2262
2264
2265
2266
2273
2274
2276
2277
2278
2279
2281
2284
2287
2288
2301
2302
2303
2304
2311
2312
2314
2315
2316
2317
2318
2319
2322
2325
2326
2339
2344
2349
2350
2352
2353
2354
