1
2
3
4
5
6
7
8
9
10
11
12
13
14
15
16
17
18
19
20
21
22
23
24
25
26
27
28
29
30
31
32
33
34
35
36
47
48
49
50
51
52
54
55
56
57
58
60
62
64
69
70
71
73
74
75
76
77
79
80
82
83
86
87
90
91
95
96
97
98
99
101
104
107
108
110
112
113
114
115
119
122
123
124
125
126
127
128
129
132
134
135
136
138
140
144
145
146
148
149
151
152
153
154
155
156
157
160
161
162
166
169
170
171
172
173
174
175
177
178
181
184
185
186
187
188
189
190
193
195
196
197
199
200
210
214
215
216
217
218
219
220
221
222
223
224
225
226
227
228
229
230
232
233
234
241
242
243
244
245
246
247
248
249
258
259
261
262
263
264
265
266
267
268
270
275
280
285
290
291
292
293
294
298
299
300
301
302
303
304
305
306
307
309
310
311
312
313
317
318
319
320
322
323
324
326
327
328
329
330
331
333
334
341
342
343
344
345
346
347
348
349
350
351
352
353
354
355
356
357
358
359
360
368
369
370
372
373
374
375
376
377
378
379
380
381
382
383
384
385
386
387
388
389
390
391
392
393
394
395
396
397
398
399
400
401
402
403
404
405
407
408
409
410
411
412
414
415
417
418
419
420
421
422
423
424
425
427
435
436
437
438
439
440
441
442
443
444
446
447
448
449
451
452
457
458
459
460
461
462
463
464
465
466
467
468
469
470
471
472
473
479
481
483
485
490
491
492
493
494
495
496
497
498
499
500
501
502
503
504
505
506
507
508
509
510
511
512
513
514
515
516
517
518
519
520
521
522
528
529
530
531
532
533
535
536
537
542
543
546
548
549
550
551
552
553
555
556
558
559
560
561
562
563
564
565
568
569
574
575
576
577
579
581
583
590
591
593
594
595
596
613
614
624
625
628
629
630
631
632
633
634
635
637
638
650
651
665
666
669
670
671
672
673
674
675
680
681
682
683
684
686
687
690
691
692
693
695
696
697
702
703
704
705
707
708
709
710
711
712
713
714
718
720
721
722
723
724
725
726
729
730
731
732
733
734
735
736
742
743
746
748
749
750
751
752
756
765
766
772
773
774
777
778
779
780
781
788
789
790
791
792
793
794
795
796
797
798
799
800
801
802
803
804
805
806
807
811
812
813
814
815
816
817
818
819
820
822
823
824
825
826
827
828
829
830
831
832
833
834
835
836
837
841
842
843
844
845
846
847
848
849
850
852
853
854
855
856
857
858
859
860
861
862
863
864
865
866
867
876
881
882
883
884
885
886
887
888
889
890
891
892
893
894
895
896
897
898
899
900
901
902
903
904
905
907
908
909
910
911
912
916
919
921
923
931
943
944
945
946
947
948
950
951
953
954
955
957
958
959
961
962
963
965
966
967
968
969
970
971
972
973
974
975
976
977
978
979
980
981
982
983
984
985
986
987
989
990
991
992
993
994
995
996
997
998
999
1000
1001
1002
1003
1004
1005
1006
1007
1008
1009
1010
1011
1012
1013
1014
1015
1016
1017
1018
1019
1020
1021
1022
1023
1024
1025
1026
1027
1028
1029
1033
1034
1035
1036
1037
1038
1039
1040
1041
1042
1043
1044
1045
1046
1047
1048
1049
1050
1051
1052
1053
1054
1055
1056
1057
1058
1059
1060
1061
1076
1077
1078
1081
1082
1083
1084
1085
1086
1087
1088
1101
1102
1112
1113
1124
1125
1128
1129
1130
1131
1132
1133
1134
1135
1136
1137
1139
1140
1141
