6
24
25
27
28
29
30
31
32
33
34
35
36
37
38
40
41
42
43
46
47
52
73
74
76
77
78
79
80
81
82
83
84
85
87
97
102
115
117
119
121
123
125
128
133
134
135
136
137
138
139
148
150
157
163
164
165
166
167
168
169
170
171
172
173
174
183
185
192
198
199
200
201
202
203
204
205
206
207
208
213
215
217
218
219
220
223
224
225
226
227
228
229
230
239
240
247
250
251
252
253
254
255
256
257
258
259
260
261
262
263
264
265
266
267
268
269
270
271
272
277
278
279
280
281
282
283
284
285
286
287
288
289
290
291
