1
2
3
4
5
6
8
9
11
13
24
25
26
27
28
29
30
31
32
33
34
35
36
37
38
39
40
41
42
43
44
45
46
47
48
49
50
51
52
53
60
61
62
63
65
67
79
80
81
82
83
84
85
86
87
88
89
90
91
92
93
94
95
96
97
99
100
101
102
103
104
105
106
107
119
120
123
141
142
143
144
145
146
148
149
192
193
194
196
197
199
210
211
212
214
215
216
217
218
219
222
223
224
225
226
227
228
236
237
238
239
240
241
242
243
244
245
248
249
250
251
254
255
256
257
258
259
260
261
262
263
265
266
267
268
269
270
272
273
275
277
281
282
284
285
294
295
296
297
298
299
300
301
302
303
316
317
326
327
341
342
361
372
373
374
375
380
381
382
383
384
385
386
387
388
389
390
391
392
393
394
395
407
408
409
413
414
415
416
417
419
420
421
422
423
424
425
426
427
428
429
430
431
432
434
436
437
438
440
448
451
458
459
466
467
468
474
481
484
485
486
487
489
491
495
496
516
518
522
523
524
525
526
527
534
535
536
537
538
539
540
548
550
562
564
565
566
567
568
569
571
572
574
582
583
584
585
586
587
588
589
590
591
592
593
594
595
596
597
598
599
600
601
604
605
606
607
608
609
610
611
612
613
614
615
616
617
618
619
620
621
622
623
624
625
626
634
635
636
637
638
639
640
641
645
646
647
648
649
650
651
655
660
661
662
663
664
665
666
667
668
669
670
671
672
673
674
675
677
678
679
680
685
686
687
688
689
690
691
697
698
699
700
701
702
703
705
706
707
708
709
710
711
712
713
714
715
716
717
718
719
721
722
723
725
726
727
729
730
731
732
733
734
735
736
744
745
752
753
754
755
756
757
759
760
761
765
772
773
774
775
779
780
781
782
783
784
789
791
792
794
795
811
812
813
814
815
816
817
818
819
820
825
829
831
842
843
844
845
846
847
849
850
851
861
862
863
864
865
866
877
878
879
880
881
882
883
884
885
886
887
888
889
890
891
892
893
894
902
903
904
905
918
920
921
925
926
927
928
929
930
936
937
938
939
940
941
958
960
961
962
963
964
965
966
969
971
972
974
976
989
990
994
995
996
997
998
999
1018
1019
1020
1021
1022
1023
1024
1025
1026
1027
1028
1029
1030
1031
1032
1033
1034
1035
1036
1037
1039
1040
1044
1045
1046
1047
1048
1049
1050
1051
1052
1053
1056
1058
1067
1098
1099
1100
1101
1103
1104
1105
1106
1107
1108
1109
1110
1111
1112
1113
1120
1121
1124
1125
1126
1128
1130
1140
1144
1149
1154
1159
1164
1165
1166
1167
1168
1182
1185
1186
1187
1188
1189
1190
1191
1192
1199
1200
1201
1203
1212
1214
1216
1219
1221
1222
1223
1224
1230
1231
1234
1239
1240
1241
