8
9
11
16
28
29
30
31
32
33
34
35
36
37
38
40
41
42
43
53
58
72
74
75
76
77
78
79
80
81
82
83
85
87
89
91
93
96
101
102
106
128
129
130
131
132
134
136
137
138
139
140
141
142
143
144
149
151
158
164
169
170
171
172
173
178
191
192
193
194
195
196
201
203
210
216
221
222
223
224
225
227
232
234
235
236
237
244
247
248
249
250
251
252
253
254
255
266
267
268
269
270
271
272
273
274
275
276
277
278
279
280
281
282
283
284
285
286
287
288
289
290
291
292
293
294
295
296
297
300
301
302
309
311
312
313
314
315
316
317
318
319
320
321
322
325
326
327
334
336
338
339
340
341
348
351
352
353
354
355
362
363
364
365
366
367
368
369
370
371
372
373
374
375
376
378
383
388
392
393
394
395
396
403
406
407
409
410
411
412
413
414
415
416
417
418
419
420
421
422
423
424
425
426
427
428
429
430
431
432
433
434
435
436
437
438
439
440
441
442
443
444
445
446
447
448
449
450
451
452
453
455
456
457
458
459
460
461
462
463
464
465
466
467
468
469
470
471
473
474
475
476
477
478
479
484
502
503
504
505
506
507
508
509
510
511
512
513
514
515
520
521
522
523
524
525
526
527
528
532
533
535
539
540
541
542
543
546
548
550
553
554
555
556
557
558
559
560
561
562
563
564
565
566
567
568
569
570
571
572
573
574
575
576
577
578
579
580
581
582
583
584
585
586
587
588
589
590
591
592
593
594
595
596
597
598
599
600
602
603
604
605
606
607
608
610
611
612
613
614
615
616
627
639
640
642
643
644
651
652
654
655
656
657
659
660
661
662
663
664
668
669
670
671
672
674
675
676
677
678
679
680
681
682
683
684
685
686
687
688
689
690
692
693
694
695
703
704
706
707
708
709
711
712
713
715
716
717
719
720
721
722
723
724
725
726
727
728
729
730
731
733
734
735
736
737
738
739
740
741
742
743
744
745
748
749
750
757
765
766
768
769
770
771
772
775
782
783
784
785
786
787
788
789
790
791
793
797
798
799
801
802
804
805
806
807
808
809
810
813
817
818
819
820
821
828
831
832
834
835
836
837
838
840
841
842
844
845
847
848
850
851
853
854
856
857
859
860
862
863
864
865
871
872
874
875
876
878
879
880
882
886
887
888
889
890
891
893
895
896
897
899
900
901
903
904
909
910
911
912
919
934
935
936
940
941
942
943
944
947
953
954
955
958
959
960
961
962
963
964
965
966
967
968
969
971
973
974
975
976
977
978
979
980
982
983
985
987
990
991
992
993
994
995
998
999
1001
1002
1003
1004
1005
1006
1007
1008
1009
1029
1030
1031
1038
1039
1040
1059
1060
1061
1064
1068
1069
1070
1072
1076
1077
1078
1079
1080
1081
1083
1085
1086
1087
1089
1090
1091
1093
1094
1099
1100
1101
1102
1109
1117
1118
1120
1128
1129
1131
1132
1133
1134
1136
1137
1138
1139
1140
1141
1142
1143
1145
1146
1147
1148
1150
1151
1152
1153
1154
1155
1158
1159
1160
1161
1162
1163
1164
1165
1166
1168
1169
1170
1171
1173
1174
1175
1176
1177
1178
1181
1182
1183
1184
1185
1186
1187
1188
1189
1191
1192
1193
1194
1196
1197
1198
1199
1200
1201
1202
1203
1205
1206
1207
1208
1210
1211
1212
1213
1214
1215
1218
1219
1220
1221
1222
1223
1224
1225
1227
1228
1229
1230
1232
1233
1234
1235
1236
1237
1240
1241
1242
1243
1244
1245
1252
1255
1257
1258
1260
1261
1262
1264
1266
1268
1270
1272
1274
1275
1276
1277
1281
1282
1283
1284
1285
1288
1289
1290
1292
1293
1294
1295
1296
1297
1298
1299
1300
1301
1302
1304
1305
1306
1307
1309
1310
1311
1312
1313
1314
1315
1316
1318
1320
1321
1322
1323
1324
1325
1326
1327
1329
1330
1332
1334
1337
1338
1339
1340
1341
1342
1345
1346
1348
1349
1350
1351
1352
1353
1354
1355
1356
1357
1358
1359
1360
1361
1363
1365
1366
1367
1368
1369
1370
1371
1372
1374
1375
1376
1378
1379
1380
1381
1382
1383
1385
1386
1387
1388
1389
1390
1391
1392
1393
1394
1398
1399
1400
1401
1402
1403
1404
1405
1407
1408
1409
1410
1412
1413
1414
1422
1423
1424
1425
1426
1427
1428
1429
1434
1446
1447
1448
1449
1456
1457
1458
1459
1460
1461
1462
1463
1465
1467
1468
1469
1471
1473
1475
1477
1479
1480
1481
1482
1483
1486
1487
1494
1495
1496
1497
1498
1499
1500
1501
1502
1503
1508
1509
1512
1516
1517
1522
1523
1525
1532
1533
1534
1535
1536
1537
1538
1539
1540
1541
1542
1543
1544
1545
1546
1547
1549
1550
1554
1555
1556
1557
1558
1559
1560
1561
1562
1563
1565
1567
1569
1571
1573
1574
1575
1577
1579
1581
1583
1585
1587
1588
1590
1591
1592
1593
1594
1597
1600
1601
1603
1604
1606
1609
1621
1623
1625
1627
1629
1631
1632
1634
1635
1636
1639
1642
1644
1645
1646
1647
1648
1651
1654
1655
1657
1658
1660
1663
1675
1677
1679
1681
1683
1685
1686
1688
1689
1690
1693
1696
1697
1698
1699
1700
1701
1702
1703
1705
1706
1707
1708
1709
1710
1711
1712
1713
1714
1715
1716
1717
1720
1721
1722
1729
1737
1738
1740
1745
1757
1758
1759
1760
1761
1762
1763
1764
1765
1766
1767
1768
1771
1772
1773
1780
1788
1789
1790
1791
1792
1793
1794
1795
1796
1797
1798
1799
1800
1801
1802
1803
1804
1805
1806
1807
1808
1809
1810
1811
1812
1813
1815
1816
1826
1827
1829
1830
1831
1832
1836
1838
1840
1842
1844
1846
1848
1849
1850
1854
1855
1856
1857
1859
1860
1861
1863
1867
1868
1869
1870
1871
1878
1881
1882
1884
1885
1886
1887
1888
1889
1890
1891
1892
1893
1894
1896
1897
1901
1902
1903
1904
1905
1906
1907
1908
1909
1910
1911
1912
1915
1916
1917
1924
1932
1933
1935
1940
1952
1953
1954
1955
1956
1957
1958
1959
1960
1961
1962
1963
1966
1967
1968
1975
1983
1984
1986
1987
1988
1989
1992
1993
1994
1995
1996
1997
1998
1999
2000
2001
2002
2003
2005
2006
2007
2008
2009
2010
2011
2012
2013
2014
2015
2016
2018
2019
2022
2025
2026
2039
2040
2041
2042
2043
2044
2045
2046
2047
2048
2049
2050
2051
2052
2053
2054
2057
2058
2059
2066
2074
2075
2077
2079
2081
2082
2083
2085
2087
2089
2091
2093
2094
2095
2096
2097
2098
2099
2100
2101
2102
2104
2105
2106
2113
2114
2116
2117
2118
2119
2121
2124
2127
2128
2141
2142
2143
2144
2145
2146
2147
2148
2149
2150
2151
2152
2153
2154
2155
2156
2159
2160
2161
2168
2176
2177
2179
2181
2182
2183
2184
2185
2186
2187
2188
2189
2190
2192
2193
2194
2201
2202
2204
2205
2206
2207
2209
2212
2215
2216
2229
2230
2231
2232
2233
2234
2235
2236
2237
2238
2239
2240
2241
2242
2243
2244
2247
2248
2249
2256
2264
2265
2267
2269
2271
2272
2273
2275
2277
2279
2281
2283
2284
2285
2286
2287
2288
2289
2290
2291
2292
2294
2295
2296
2303
2304
2306
2307
2308
2309
2311
2314
2317
2318
2331
2332
2333
2334
2341
2342
2344
2345
2346
2347
2348
2349
2352
2355
2356
2369
2374
2379
2380
2382
2383
2384
