9
10
11
15
17
18
19
20
23
24
25
26
27
28
29
30
31
32
33
34
35
36
37
38
39
40
42
43
44
45
47
48
49
50
53
54
56
57
58
59
60
61
62
65
69
71
72
73
74
75
76
77
78
79
80
81
82
83
87
88
89
90
91
92
94
95
96
97
98
102
103
104
105
106
107
109
110
111
112
113
115
116
117
120
124
125
126
127
128
129
130
131
132
133
134
135
136
137
138
142
150
151
152
155
156
157
158
159
160
161
163
164
167
169
170
171
172
173
174
175
176
177
178
179
180
181
182
183
184
185
189
190
191
192
193
194
195
197
198
199
200
201
202
204
205
209
210
211
212
213
214
215
217
218
219
220
221
222
223
224
225
226
227
228
229
230
231
232
233
234
235
237
241
242
243
244
245
246
248
249
250
251
252
253
257
258
259
260
261
262
263
267
269
273
277
281
282
283
284
285
286
287
289
290
291
295
296
297
298
299
300
301
303
304
305
307
308
309
310
311
312
314
315
316
317
318
319
320
321
322
324
325
326
327
328
329
330
331
333
334
335
336
337
338
339
341
342
343
352
353
354
355
356
357
359
360
361
362
366
367
368
369
370
371
372
373
374
375
376
377
378
379
380
381
382
384
385
386
387
388
389
390
391
392
393
394
395
396
397
401
402
403
404
405
406
408
409
410
411
412
413
414
415
416
417
419
420
421
422
423
424
425
426
427
429
430
431
432
433
434
435
436
437
439
440
441
442
443
444
445
446
447
448
449
450
451
452
453
454
455
459
460
461
462
463
464
466
467
468
469
470
471
472
473
474
476
477
478
479
480
481
482
483
484
486
487
488
489
490
491
492
493
494
496
497
498
499
501
502
503
504
505
507
508
509
510
515
516
519
520
521
522
523
524
525
526
527
528
532
533
534
535
536
537
539
540
541
542
543
544
547
548
549
550
551
552
553
554
555
556
558
559
560
561
562
563
564
565
566
567
568
569
570
571
573
574
575
576
580
581
582
583
584
585
586
587
588
589
590
591
592
593
594
595
597
598
599
600
601
602
603
604
605
606
607
608
609
613
614
615
616
617
618
620
621
622
623
624
628
629
630
631
632
633
634
635
636
637
638
640
641
642
643
644
645
646
647
648
650
651
652
653
654
655
656
657
658
660
661
662
663
664
665
666
667
668
670
671
675
679
680
681
682
683
684
685
687
688
689
690
691
692
693
694
695
696
697
698
699
700
701
702
703
707
711
715
716
717
718
719
720
721
723
724
725
726
730
731
732
733
734
735
736
740
741
742
743
744
745
746
750
752
753
754
755
756
757
759
760
761
762
763
764
765
766
767
771
772
773
774
775
776
777
781
794
795
796
797
798
799
800
801
802
803
805
806
807
808
809
810
811
812
813
814
815
816
817
818
819
820
821
822
823
824
825
826
827
831
832
833
834
835
836
838
839
840
841
842
843
844
845
846
847
849
850
851
852
853
854
855
856
857
859
860
861
864
865
866
867
871
875
876
880
884
885
886
887
888
889
891
892
893
895
896
897
898
899
900
902
903
904
905
906
907
908
909
910
911
912
913
914
915
916
917
918
919
920
922
923
924
925
926
929
930
931
932
933
934
935
936
938
939
940
941
942
944
945
946
947
952
953
955
956
957
958
959
960
961
964
965
966
967
968
971
972
975
976
977
978
979
980
981
982
983
984
985
986
987
988
989
991
992
993
996
1000
1001
1002
1003
1004
1005
1006
1007
1008
1009
1010
1014
1015
1016
1017
1018
1019
1021
1022
1023
1024
1025
1029
1030
1031
1032
1033
1034
1035
1037
1038
1039
1042
1043
1044
1047
1051
1052
1053
1054
1055
1056
1058
1059
1060
1061
1062
1066
1067
1068
1069
1070
1071
1073
1074
1075
1076
1077
1078
1079
1082
1083
1085
1086
1087
1088
1089
1092
1093
1094
1097
1098
1099
1100
1101
1102
1103
1104
1108
1109
1110
1111
1112
1113
1115
1116
1117
1118
1119
1120
1123
1124
1128
1129
1130
1131
1132
1133
1134
1135
1136
1137
1139
1140
1143
1144
1145
1146
1147
1148
1149
1150
1151
1152
1153
1156
1157
1162
1163
1164
1165
1166
1167
1168
1169
1170
1171
1173
1174
1177
1178
1179
1180
1181
1182
1183
1184
1185
1186
1187
1189
1190
1191
1192
1193
1194
1197
1198
1199
1200
1201
1202
1203
1204
1205
1206
1207
1208
1209
1210
1211
1212
1213
1217
1218
1219
1220
1221
1222
1223
1224
1225
1226
1228
1229
1232
1233
1234
1235
1236
1237
1238
1239
1240
1241
1242
1243
1244
1245
1246
1247
1248
1249
1250
1251
1252
1253
1254
1255
1257
1258
1259
1262
1266
1267
1268
1269
1270
1271
1272
1273
1274
1275
1277
1278
1279
1280
1281
1282
1283
1286
1287
1288
1289
1290
1291
1292
1293
1294
1295
1296
1297
1298
1300
1301
1302
1306
1307
1316
1318
1319
1320
1321
1322
1323
1325
1326
1327
1328
1329
1330
1331
1332
1333
1334
1335
1336
1337
1338
1339
1340
1341
1343
1344
1345
1346
1348
1351
1352
1354
1355
1356
1357
1361
1362
1363
1364
1365
1366
1367
1368
1369
1370
1372
1373
1374
1385
1386
1388
1389
1390
1391
1392
1393
1395
1396
1397
1398
1399
1400
1402
1403
1404
1407
1408
1409
1410
1411
1412
1413
1415
1416
1417
1420
1424
1425
1426
1427
1428
1429
1430
1431
1432
1433
1435
1436
1437
1438
1439
1440
1441
1443
1444
1445
1446
1447
1449
1450
1451
1452
1454
1459
1460
1463
1464
1465
1466
1467
1468
1469
1470
1474
1475
1476
1477
1478
1479
1480
1482
1483
1484
1485
1486
1487
1488
1489
1490
1492
1493
1494
1495
1496
1497
1498
1499
1500
1501
1502
1504
1505
1506
1509
1513
1514
1515
1516
1517
1518
1519
1520
1521
1522
1524
1525
1526
1527
1528
1529
1531
1532
1533
1536
1540
1541
1542
1543
1544
1545
1546
1547
1548
1549
1551
1552
1553
1554
1555
1556
1557
1559
1560
1561
1562
1564
1567
1568
1571
1572
1573
1574
1575
1576
1577
1578
1579
1583
1584
1585
1586
1587
1588
1589
1590
1591
1592
1594
1595
1596
1597
1598
1599
1600
1602
1603
1604
1605
1606
1608
1609
1610
1611
1613
1618
1619
1622
1623
1624
1625
1626
1627
1628
1629
1633
1634
1635
1636
1637
1638
1639
1640
1641
1642
1645
1646
1647
1650
1651
1652
1653
1654
1655
1659
1660
1662
1664
1665
1666
1669
1670
1671
1672
1673
1674
1678
1679
1681
1685
1686
1687
1688
1689
1690
1691
1692
1693
1694
1695
1696
1697
1698
1699
1700
1701
1705
1706
1707
1711
1721
1722
1723
1724
1725
1726
1727
1728
1729
1730
1731
1732
1733
1734
1736
1737
1738
1739
1743
1744
1749
1750
1751
1752
1753
1754
1755
1757
1758
1759
1760
1761
1762
1763
1764
1765
1766
1767
1768
1769
1770
1771
1772
1775
1776
1778
1779
1780
1781
1782
1783
1784
1785
1786
1787
1788
1789
1790
1791
1792
1793
1794
1795
1796
1798
1799
1800
1804
1805
1806
1807
1808
1809
1810
1811
1812
1813
1816
1817
1818
1821
1822
1823
1824
1825
1826
1830
1831
1833
1838
1839
1840
1841
1842
1843
1844
1846
1847
1848
1854
1858
1859
1860
1861
1862
1863
1864
1865
1868
1870
1874
1875
1876
1877
1878
1879
1880
1881
1882
1883
1885
1886
1889
1890
1891
1892
1893
1894
1895
1896
1897
1900
1901
1902
1903
1904
1905
1906
1907
1908
1911
1912
1913
1914
1915
1916
1917
1918
1919
1922
1923
1924
1925
1926
1927
1928
1929
1930
1931
1932
1933
1934
1935
1936
1937
1938
1939
1940
1941
1942
1946
1947
1949
1950
1951
1952
1955
1956
1959
1961
1963
1964
1965
1966
1967
1969
1970
1971
1972
1973
1975
1976
1977
1978
1985
1986
1987
1988
1989
1990
1991
1994
1995
1996
1997
1998
1999
2000
2001
2004
2005
2006
2007
2008
2009
2010
2011
2012
2013
2014
2015
2016
2017
2018
2019
2020
2021
2022
2026
2027
2028
2029
2030
2031
2035
2036
2037
2038
2039
2040
2042
2043
2044
2045
2046
2049
2050
2051
2052
2053
2054
2055
2059
2060
2061
2062
2063
2064
2066
2067
2068
2069
2070
2071
2072
2073
2074
2075
2077
2078
2079
2080
2084
2085
2086
2087
2088
2089
2090
2091
2093
2094
2095
2096
2097
2098
2099
2100
2101
2103
2104
2105
2106
2107
2108
2109
2110
2111
2112
2113
2114
2115
2116
2117
2118
2119
2120
2121
2122
2123
2124
2125
2126
2127
2128
2129
2131
2132
2133
2134
2135
2136
2137
2144
2145
2146
2147
2148
2149
2151
2152
2153
2155
2157
2158
2159
2160
2161
2163
2164
2165
2166
2167
2169
2170
2171
2172
2179
2180
2182
2183
2184
2185
2186
2187
2188
2191
2192
2193
2194
2195
2196
2197
2198
2201
2202
2205
2206
2207
2208
2209
2210
2211
2215
2216
2217
2218
2219
2220
2221
2222
2223
2224
2226
2227
2230
2231
2232
2233
2234
2235
2236
2237
2238
2241
2242
2243
2244
2245
2246
2247
2248
2249
2250
2251
2252
2253
2254
2255
2256
2257
2258
2259
2260
2261
2262
2264
2266
2267
2268
2271
2272
2273
2274
2275
2276
2277
2278
2279
2280
2281
2282
2283
2284
2287
2288
2289
2290
2291
2292
2293
2294
2295
2296
2297
2298
2299
2300
2301
2302
2305
2306
2307
2308
2309
2310
2311
2312
2313
2314
2315
2329
2330
2331
2332
2336
2337
2338
2339
2340
2341
2342
2343
2345
2346
2347
2348
2351
2352
2353
2354
2355
2356
2357
2358
2359
2360
2364
2368
2369
2370
2371
2372
2373
2375
2376
2377
2378
2379
2380
2381
2382
2383
2384
2385
2386
2387
2388
2389
2390
2391
2394
2395
2396
2399
2400
2401
2404
2405
2406
2409
2410
2411
2412
2413
2414
2415
2418
2419
2421
2422
2423
2424
2425
2429
2430
2433
2434
2435
2436
2437
2444
2445
2446
2447
2448
2452
2453
2454
2455
2456
2457
2458
2459
2460
2461
2463
2464
2467
2468
2469
2470
2471
2472
2473
2474
2475
2476
2483
2484
2485
2486
2487
2489
2490
2493
2494
2495
2496
2497
2498
2499
2500
2501
2502
2503
2504
2505
2506
2508
2509
2510
2511
2512
2513
2514
2515
2516
2517
2518
2519
2520
2521
2522
2523
2524
2525
2526
2527
2528
2529
2530
2531
2532
2533
2534
2535
2536
2537
2538
2539
2540
2541
2542
2544
2545
2546
2547
2548
2549
2550
2551
2552
2553
2554
2555
2556
2557
2558
2559
2560
2561
2562
2565
2566
2567
2568
2569
2570
2571
2572
2573
2574
2576
2577
2578
2579
2580
2587
2588
2589
2590
2591
2592
2593
2594
2595
2596
2597
2598
2600
2601
2602
2605
2606
2607
2608
2609
2610
2611
2613
2614
2615
2618
2619
2620
2621
2622
2623
2627
2628
2630
2634
2635
2636
2637
2638
2639
2640
2641
2642
2643
2645
2646
2649
2650
2651
2652
2653
2654
2655
2656
2657
2658
2659
2660
2661
2662
2663
2664
2665
2666
2667
2668
2670
2671
2672
2673
2677
2678
2679
2680
2681
2682
2683
2684
2685
2688
2689
2690
2691
2692
2693
2694
2695
2696
2697
2698
2699
2700
2705
2706
2707
2708
2709
2710
2712
2713
2714
2719
2720
2721
2722
2723
2724
2725
2726
2727
2728
2730
2731
2732
2733
2734
2735
2736
2738
2739
2740
2741
2743
2746
2747
2749
2750
2751
2752
2753
2754
2755
2756
2760
2761
2762
2763
2764
2765
2766
2767
2768
2769
2771
2772
2773
2774
2778
2779
2780
2781
2782
2783
2785
2786
2787
2788
2789
2790
2791
2792
2793
2794
2798
2799
2800
2801
2802
2803
2804
2808
2811
2812
2813
2816
2820
2821
2822
2823
2824
2825
2827
2828
2829
2830
2834
2835
2836
2837
2838
2839
2841
2842
2843
2844
2845
2846
2847
2848
2849
2850
2851
2852
2853
2854
2855
2856
2857
2858
2859
2860
2862
2863
2864
2865
2866
2867
2868
2871
2875
2876
2877
2878
2879
2880
2882
2883
2884
2885
2886
2887
2888
2889
2890
2891
2893
2894
2895
2896
2897
2898
2899
2900
2901
2903
2904
2905
2909
2910
2914
2915
2919
2920
2921
2922
2923
2924
2925
2927
2928
2929
2937
2938
2939
2940
2941
2942
2943
2944
2945
2946
2947
2948
2949
2950
2953
2954
2955
2956
2957
2958
2959
2960
2961
2962
2963
2964
2965
2966
2967
2968
2969
2970
2971
2972
2973
2974
2975
2976
2977
2978
2980
2981
2982
2983
2984
2985
2986
2987
2988
2989
2992
2993
2998
2999
3000
3001
3002
3003
3004
3005
3006
3007
3008
3009
3010
3011
3012
3013
3014
3015
3016
3017
3018
3019
3023
3024
3025
3026
3027
3028
3029
3030
3031
3032
3033
3034
3035
3037
3038
3045
3046
3047
3048
3049
3053
3054
3055
3056
3057
3058
3059
3063
3064
3067
3068
3069
3070
3071
3072
3073
3074
3075
3076
3077
3078
3079
3082
3083
3084
3085
3086
3087
3088
3089
3090
3091
3092
3093
3094
3095
3100
3101
3102
3103
3104
3105
3106
3107
3108
3109
3111
3112
3113
3114
3115
3117
3118
3119
3120
3121
3122
3123
3124
3132
3133
3134
3135
3136
3137
3139
3140
3141
3142
3143
3144
3145
3146
3147
3148
3149
3150
3151
3152
3153
3154
3155
3156
3157
3158
3159
3160
3161
3162
3166
3167
3168
3169
3170
3171
3172
3173
3174
3175
3177
3178
3179
3180
3181
3182
3183
3184
3185
3186
3188
3189
3192
3193
3194
3195
3196
3197
3198
3199
3200
3203
3204
3205
3206
3207
3208
3209
3210
3211
3212
3213
3214
3215
3216
3217
3218
3219
3223
3225
3226
3234
3235
3236
3237
3238
3239
3241
3243
3244
3245
3246
3249
3250
3251
3252
3254
3258
3259
3260
3261
3262
3263
3265
3266
3267
3268
3269
3270
3272
3273
3274
3275
3280
3281
3282
3283
3284
3285
3286
3287
3288
3290
3291
3292
3293
3294
3295
3296
3297
3298
3299
3300
3301
3302
3303
3304
3305
3306
3307
3308
3309
3310
3311
3312
3313
3314
3315
3316
3317
3318
3320
3321
3322
3323
3324
3325
3326
3327
3328
3330
3331
3332
3333
3334
3335
3336
3337
3338
3339
3340
3341
3342
3343
3344
3345
3346
3348
3349
3359
3360
3361
3362
3363
3364
3365
3366
3367
3370
3374
3375
3376
3379
3383
3384
3385
3386
3387
3388
3389
3391
3392
3393
3394
3395
3396
3397
3398
3399
3400
3401
3404
3408
3409
3410
3411
3412
3413
3415
3416
3417
3418
3420
3421
3422
3423
3424
3425
3427
3428
3429
3430
3431
3432
3433
3434
3435
3436
3437
3438
3439
3440
3441
3444
3445
3446
3447
3449
3450
3451
3452
3453
3455
3456
3457
3458
3459
3460
3461
3462
3463
3464
3465
3467
3468
3469
3472
3473
3474
3475
3476
3477
3481
3482
3484
3485
3486
3487
3488
3489
3490
3492
3493
3494
3495
3496
3499
3500
3501
3502
3503
3504
3505
3506
3508
3509
3510
3511
3512
3513
3514
3515
3516
3517
3518
3519
3520
3521
3522
3523
3524
3525
3526
3527
3528
3529
3530
3531
3533
3534
3535
3537
3538
3539
3540
3541
3542
3544
3545
3546
3548
3549
3550
3553
3554
3558
3559
3560
3561
3562
3563
3564
3565
3566
3567
3568
3570
3571
3575
3579
3580
3581
3582
3583
3584
3585
3587
3588
3589
3591
3592
3593
3594
3595
3596
3598
3602
3603
3604
3605
3606
3607
3611
3612
3614
3619
3620
3621
3622
3623
3624
3626
3627
3629
3630
3631
3632
3633
3634
3635
3636
3637
3638
3639
3640
3641
3644
3645
3646
3647
3648
3649
3650
3651
3652
3653
3654
3655
3656
3657
3658
3659
3660
3661
3662
3663
3664
3665
3666
3667
3670
3671
3672
3673
3674
3675
3676
3677
3678
3682
3687
3688
3689
3690
3691
3692
3694
3695
3696
3697
3698
3699
3700
3701
3702
3708
3709
3710
3711
3712
3713
3714
3715
3716
3717
3718
3719
3720
3721
3722
3723
3724
3725
3726
3727
3728
3729
3730
3731
3734
3735
3736
3737
3738
3739
3740
3741
3742
3743
3744
3745
3746
3747
3748
3750
3752
3756
3758
3759
3760
3763
3764
3765
3766
3767
3768
3769
3773
3774
3775
3776
3777
3778
3779
3780
3781
3784
3785
3786
3787
3788
3789
3790
3791
3792
3793
3794
3795
3796
3797
3800
3801
3802
3803
3804
3805
3806
3807
3808
3809
3810
3811
3812
3813
3814
3816
3817
3818
3819
3820
3828
3829
3830
3831
3832
3833
3836
3837
3838
3841
3842
3843
3844
3845
3846
3847
3848
3849
3850
3851
3852
3853
3854
3855
3856
3857
3858
3860
3861
3862
3865
3866
3867
3870
3871
3872
3873
3874
3875
3876
3877
3878
3879
3880
3881
3882
3883
3884
3885
3886
3887
3888
3892
3893
3901
3902
3903
3915
3916
3917
3918
3925
3926
3927
3928
3929
3930
3931
3932
3933
3935
3936
3937
3938
3939
3940
3942
3943
3944
3945
3946
3949
3950
3951
3952
3953
3954
3955
3956
3957
3958
3959
3960
3961
3962
3963
3966
3967
3968
3969
3970
3971
3972
3973
3974
3975
3976
3977
3978
3979
3980
3981
3982
3983
3984
3985
3986
3987
3988
3989
3990
3991
3992
3993
3994
3995
3996
3997
3998
3999
4000
4004
4005
4010
4011
4012
4013
4014
4015
4017
4018
4020
4021
4024
4025
4026
4027
4028
4029
4030
4031
4032
4033
4037
4041
4043
4044
4047
4048
4049
4050
4051
4052
4053
4054
4055
4056
4057
4058
4059
4060
4061
4062
4063
4064
4065
4066
4067
4068
4069
4070
4071
4072
4073
4074
4075
4076
4077
4078
4079
4080
4081
4082
4083
4084
4085
4086
4087
4088
4089
4090
4091
4092
4093
4094
4095
4096
4097
4098
4099
4100
4101
4102
4103
4104
4105
4106
4107
4108
4109
4110
4111
4112
4113
4114
4115
4116
4117
4118
4119
4120
4121
4122
4123
4124
4125
4126
4127
4129
4130
4131
4132
4133
4134
4135
4136
4137
4139
4140
4141
4142
4149
4150
4151
4152
4153
4155
4156
4157
4161
4162
4163
4164
4165
4166
4167
4168
4169
4170
4171
4172
4173
4174
4175
4176
4177
4178
4179
4180
4181
4182
4183
4184
4185
4188
4189
4190
4191
4192
4193
4194
4195
4196
4200
4201
4202
4203
4204
4205
4206
4207
4210
4218
4219
4221
4222
4223
4224
4225
4226
4228
4229
4230
4232
4233
4234
4237
4238
4239
4240
4241
4242
4243
4244
4245
4248
4249
4250
4251
4252
4253
4254
4255
4256
4257
4258
4259
4260
4264
4269
4270
4271
4272
4275
4276
4277
4278
4279
4280
4281
4282
4283
4284
4285
4286
4287
4288
4289
4290
4291
4292
4293
4294
4295
4296
4297
4298
4299
4300
4301
4302
4303
4304
4305
4306
4307
4308
4309
4310
4311
4312
4313
4314
4315
4318
4319
4320
4321
4323
4324
4325
4326
4327
4328
4329
4332
4333
4334
4335
4336
4337
4338
4339
4340
4341
4342
4343
4344
4345
4346
4347
4348
4352
4353
4354
4355
4356
4359
4360
4361
4362
4363
4364
4365
4366
4369
4370
4371
4372
4373
4377
4378
4379
4380
4381
4382
4383
4384
4385
4386
4387
4388
4389
4390
4391
4392
4393
4394
4395
4396
4397
4398
4399
4400
4401
4402
4403
4404
4405
4406
4407
4408
4409
4410
4411
4412
4413
4414
4415
4416
4417
4418
4419
4420
4421
4422
4423
4424
4425
4426
4427
4428
4429
4430
4434
4438
4441
4442
4445
4449
4450
4451
4452
4453
4454
4455
4456
4457
4458
4459
4461
4462
4463
4464
4465
4466
4468
4469
4470
4471
4472
4473
4474
4475
4476
4478
4479
4480
4481
4482
4483
4484
4485
4486
4487
4488
4489
4490
4491
4492
4494
4495
4496
4499
4500
4501
4502
4503
4506
4507
4508
4509
4510
4511
4512
4514
4515
4516
4517
4518
4519
4520
4521
4522
4524
4525
4526
4527
4528
4529
4530
4531
4532
4533
4534
4535
4536
4537
4544
4545
4546
4547
4548
4549
4550
4551
4552
4553
4555
4556
4557
4558
4559
4560
4561
4562
4563
4565
4566
4567
4568
4572
4573
4574
4575
4576
4577
4578
4579
4580
4581
4582
4583
4584
4585
4586
4597
4598
4599
4601
4602
4603
4604
4605
4606
4608
4609
4610
4611
4612
4613
4614
4615
4616
4617
4618
4619
4620
4621
4622
4623
4624
4625
4626
4627
4628
4629
4630
4631
4632
4633
4634
4635
4636
4637
4638
4639
4640
4641
4642
4643
4644
4645
4646
4647
4648
4649
4650
4658
4659
4660
4661
4663
4664
4665
4668
4669
4670
4671
4672
4673
4674
4675
4676
4677
4678
4679
4680
4681
4682
4683
4684
4685
4686
4688
4689
4690
4691
4692
4693
4694
4695
4696
4697
4698
4699
4704
4705
4706
4707
4708
4709
4711
4712
4713
4714
4715
4716
4717
4718
4719
4721
4722
4723
4724
4725
4726
4727
4728
4729
4730
4731
4732
4733
4734
4739
4740
4741
4742
4743
4746
4750
4751
4752
4753
4754
4757
4758
4759
4760
4761
4762
4763
4764
4765
4766
4767
4770
4771
4772
4776
4777
4781
4782
4784
4785
4786
4787
4788
4789
4790
4792
4793
4794
4800
4801
4802
4803
4804
4805
4806
4807
4808
4809
4810
4814
4815
4819
4821
4822
4823
4824
4825
4826
4827
4828
4829
4830
4831
4832
4833
4834
4835
4836
4837
4838
4839
4840
4841
4842
4847
4848
4849
4852
4856
4857
4858
4859
4860
4861
4862
4864
4865
4869
4873
4878
4879
4880
4881
4882
4883
4885
4886
4887
4888
4889
4890
4891
4892
4893
4894
4896
4897
4898
4899
4900
4901
4902
4903
4904
4905
4906
4907
4908
4909
4910
4911
4912
4913
4914
4915
4916
4917
4918
4919
4920
4921
4922
4923
4924
4925
4926
4927
4928
4930
4931
4932
4933
4934
4935
4936
4937
4938
4939
4940
4943
4944
4945
4946
4947
4948
4949
4950
4951
4955
4967
4968
4969
4970
4971
4972
4973
4974
4975
4976
4978
4979
4980
4981
4982
4983
4984
4985
4986
4988
4989
4990
4991
4992
4993
4994
4995
4996
4997
4998
4999
5000
5001
5002
5003
5004
5005
5006
5008
5009
5010
5011
5015
5016
5017
5018
5019
5020
5021
5023
5024
5025
5026
5027
5028
5029
5032
5033
5034
5035
5036
5037
5039
5040
5041
5043
5044
5045
5046
5047
5048
5052
5053
5054
5055
5056
5057
5058
5062
5064
5068
5072
5073
5077
5078
5079
5080
5081
5082
5083
5085
5086
5087
5091
5099
5100
5102
5103
5104
5105
5106
5107
5109
5110
5111
5114
5115
5116
5119
5120
5121
5122
5123
5124
5128
5129
5131
5132
5133
5134
5135
5136
5137
5141
5142
5143
5144
5145
5146
5147
5151
5153
5157
5158
5159
5160
5161
5162
5163
5165
5166
5167
5170
5174
5175
5176
5177
5178
5179
5181
5182
5183
5184
5185
5186
5187
5188
5189
5190
5192
5193
5194
5195
5196
5197
5198
5199
5200
5202
5203
5204
5208
5209
5210
5211
5212
5213
5215
5216
5217
5218
5219
5220
5221
5222
5223
5224
5226
5227
5228
5229
5230
5231
5232
5236
5238
5239
5240
5241
5244
5245
5248
5249
5250
5251
5252
5254
5255
5258
5260
5261
5262
5263
5264
5265
5268
5269
5270
5273
5274
5275
5278
5280
5281
5282
5283
5284
5285
5286
5287
5288
5289
5290
5291
5293
5294
5295
5296
5297
5298
5299
5300
5301
5303
5304
5305
5306
5309
5310
5311
5312
5313
5314
5318
5319
5321
5325
5326
5327
5328
5329
5330
5331
5332
5333
5334
5335
5336
5337
5339
5340
5341
5345
5349
5350
5351
5352
5353
5354
5355
5357
5358
5359
5360
5361
5362
5363
5364
5365
5367
5368
5369
5371
5372
5373
5381
5382
5383
5384
5388
5389
5390
5393
5394
5395
5396
5397
5401
5402
5405
5406
5407
5408
5409
5410
5411
5413
5414
5415
5418
5419
5420
5421
5422
5423
5424
5425
5428
5429
5430
5431
5432
5433
5434
5435
5436
5437
5439
5440
5441
5442
5444
5445
5446
5449
5450
5451
5452
5453
5467
5469
5470
5471
5472
5473
5474
5475
5476
5477
5478
5479
5483
5484
5485
5486
5489
5491
5492
5493
5501
5502
5503
5504
5505
5506
5507
5508
5509
5510
5511
5514
5516
5520
5524
5536
5537
5538
5539
5543
5544
5545
5546
5547
5548
5550
5551
5552
5553
5554
5555
5556
5557
5558
5559
5560
5561
5562
5563
5564
5565
5566
5567
5568
5569
5570
5571
5572
5573
5574
5575
5576
5577
5581
5582
5583
5584
5588
5589
5590
5591
5592
5593
5595
5596
5597
5598
5599
5600
5602
5603
5604
5607
5608
5609
5610
5611
5612
5613
5614
5615
5616
5617
5618
5621
5622
5623
5624
5625
5626
5627
5628
5629
5630
5631
5632
5633
5634
5635
5637
5641
5645
5649
5651
5652
5655
5656
5657
5658
5659
5660
5661
5662
5663
5664
5665
5666
5669
5670
5671
5672
5673
5674
5675
5677
5678
5679
5680
5681
5682
5683
5684
5685
5686
5687
5688
5689
5690
5691
5692
5693
5694
5695
5696
5699
5700
5701
5702
5703
5704
5705
5707
5708
5709
5710
5711
5712
5713
5714
5715
5716
5717
5718
5719
5720
5721
5722
5723
5724
5725
5726
5729
5730
5731
5732
5733
5734
5735
5737
5738
5739
5740
5741
5742
5743
5744
5745
5746
5747
5748
5749
5750
5751
5752
5753
5754
5755
5756
5757
5758
5759
5760
5761
5762
5763
5764
5765
5766
5767
5768
5769
5770
5771
5772
5781
5782
5783
5791
5792
5793
5794
5805
5806
5807
5816
5817
5818
5819
5828
5829
5830
5831
5840
5841
5842
5843
5850
5851
5852
5853
5857
5858
5859
5860
5861
5862
5864
5865
5866
5867
5868
5870
5871
5872
5873
5874
5875
5876
5877
5878
5879
5880
5881
5882
5883
5884
5885
5886
5887
5888
5889
5890
5891
5892
5893
5894
5895
5896
5897
5898
5899
5900
5901
5902
5903
5904
5905
5906
5907
5908
5909
5910
5911
5912
5913
5914
5915
5916
5917
5918
5926
5927
5929
5930
5931
5932
5933
5934
5935
5936
5937
5938
5939
5940
5941
5942
5943
5944
5945
5946
5947
5948
5949
5950
5951
5952
5953
5954
5955
5956
5957
5958
5963
5964
5965
5966
5967
5968
5969
5970
5971
5972
5973
5974
5976
5977
5978
5983
5984
5985
5986
5987
5988
5989
5991
5992
5993
5994
5995
5996
5997
5999
6000
6001
6002
6003
6004
6005
6006
6007
6008
6009
6010
6011
6012
6013
6014
6015
6023
6024
6026
6027
6028
6029
6030
6031
6033
6034
6035
6036
6037
6038
6039
6040
6041
6043
6044
6046
6047
6052
6053
6055
6056
6057
6058
6062
6063
6064
6065
6066
6067
6068
6069
6070
6071
6072
6073
6074
6075
6076
6077
6078
6079
6080
6082
6083
6084
6085
6086
6087
6088
6089
6090
6091
6096
6097
6098
6099
6100
6101
6102
6103
6104
6105
6106
6107
6108
6109
6110
6112
6113
6114
6115
6116
6117
6118
6120
6121
6122
6123
6126
6127
6128
6129
6133
6134
6135
6136
6137
6138
6139
6140
6141
6142
6143
6144
6145
6146
6147
6148
6149
6151
6152
6153
6154
6155
6156
6157
6158
6159
6160
6161
6162
6163
6164
6165
6166
6168
6169
6170
6171
6172
6174
6175
6176
6177
6178
6179
6180
6181
6182
6183
6184
6185
6186
6187
6188
6189
6190
6191
6192
6193
6195
6196
6197
6198
6199
6201
6202
6203
6204
6205
6207
6208
6209
6210
6211
6212
6213
6214
6215
6216
6217
6218
6219
6220
6221
6222
6223
6224
6225
6226
6227
6228
6229
6230
6231
6232
6233
6234
6235
6236
6237
6238
6239
6240
6241
6243
6244
6245
6246
6247
6250
6251
6252
6253
6254
6255
6256
6257
6258
6259
6260
6261
6262
6263
6264
6265
6267
6268
6269
6270
6271
6272
6273
6274
6278
6279
6280
6281
6282
6283
6285
6286
6287
6288
6289
6290
6291
6292
6293
6294
6295
6296
6297
6298
6299
6301
6302
6304
6305
6306
6307
6308
6309
6310
6311
6312
6313
6314
6315
6316
6317
6318
6319
6320
6321
6322
6326
6331
6332
6333
6334
6335
6336
6338
6339
6341
6342
6344
6345
6346
6352
6353
6354
6363
6364
6365
6373
6374
6375
6376
6377
6384
6385
6386
6387
6388
6389
6390
6391
6392
6393
6400
6401
6402
6403
6404
6405
6406
6407
6408
6409
6410
6411
6412
6413
6414
6415
6416
6417
6418
6419
6420
6421
6422
6423
6424
6425
6426
6427
6428
6429
6430
6431
6432
6433
6434
6435
6436
6437
6438
6439
6440
6441
6442
6443
6444
6445
6446
6447
6448
6449
6450
6451
6452
6453
6454
6455
6456
6458
6459
6460
6461
6462
6463
6464
6465
6466
6467
6468
6469
6470
6471
6472
6473
6474
6475
6477
6478
6479
6481
6482
6484
6485
6486
6487
6488
6489
6490
6491
6492
6493
6494
6496
6497
6499
6500
6501
6502
6503
6504
6505
6506
6507
6508
6509
6510
6511
6513
6514
6515
6516
6517
6518
6519
6520
6522
6523
6524
6525
6526
6527
6528
6529
6530
6531
6532
6533
6536
6537
6538
6539
6540
6541
6542
6543
6544
6545
6546
6547
6548
6549
6550
6551
6552
6553
6554
6555
6556
6557
6558
6559
6560
6561
6562
6563
6564
6565
6566
6567
6568
6569
6570
6571
6572
6573
6574
6575
6576
6577
6578
6579
6580
6581
6582
6583
6584
6585
6586
6587
6588
6589
6590
6591
6592
6593
6594
6595
6596
6599
6607
6608
6609
6611
6619
6620
6621
6622
6627
6634
6635
6636
6637
6645
6646
6647
6654
6655
6656
6657
6658
6659
6660
6661
6662
6663
6664
6665
6672
6673
6674
6675
6682
6683
6684
6685
6687
6694
6695
6696
6697
6698
6706
6707
6708
6709
6710
6717
6718
6719
6720
6725
6726
6727
6728
6729
6777
6778
6787
6788
6790
6791
6792
6793
6794
6795
6797
6798
6799
6807
6808
6810
6811
6812
6813
6814
6815
6817
6818
6819
6825
6826
6827
6828
6829
6830
6831
6832
6833
6834
6835
6836
6837
6838
6839
6840
6841
6842
6843
6844
6845
6846
6848
6849
6850
6851
6852
6853
6854
6855
6856
6857
6858
6859
6860
6863
6864
6867
6869
6870
6871
6872
6875
6876
6877
6878
6879
6880
6881
6882
6883
6884
6885
6886
6887
6888
6889
6890
6891
6892
6893
6894
6896
6897
6898
6899
6903
6904
6905
6906
6907
6908
6910
6911
6912
6913
6917
6918
6919
6920
6921
6922
6923
6924
6925
6926
6927
6928
6929
6930
6931
6932
6934
6935
6936
6937
6941
6942
6943
6944
6945
6946
6948
6949
6950
6951
6952
6953
6954
6955
6956
6958
6959
6960
6961
6962
6963
6964
6965
6966
6967
6968
6969
6970
6972
6973
6974
6975
6979
6980
6981
6982
6983
6984
6985
6986
6987
6988
6989
6990
6991
6992
6993
6994
6995
6996
6997
6998
6999
7000
7001
7002
7003
7004
7005
7006
7008
7009
7010
7011
7015
7016
7017
7018
7019
7020
7022
7023
7024
7025
7027
7028
7029
7031
7032
7033
7034
7035
7036
7037
7038
7039
7040
7041
7043
7044
7046
7047
7048
7055
7058
7059
7060
7061
7062
7063
7064
7066
7067
7068
7069
7070
7071
7072
7073
7074
7075
7076
7077
7078
7079
7080
7082
7083
7084
7085
7086
7087
7088
7089
7090
7091
7092
7093
7094
7095
7096
7098
7099
7100
7101
7102
7103
7104
7105
7106
7107
7108
7109
7110
7112
7113
7115
7116
7117
7118
7119
7120
7121
7122
7123
7124
7125
7126
7127
7128
7129
7130
7131
7132
7133
7134
7135
7136
7137
7138
7139
7140
7141
7142
7143
7144
7145
7146
7147
7148
7149
7150
7151
7152
7153
7154
7155
7156
7157
7158
7159
7160
7161
7162
7163
7164
7165
7166
7167
7168
7169
7172
7173
7174
7175
7176
7181
7182
7183
7184
7188
7191
7192
7193
7195
7196
7197
7198
7199
7200
7201
7202
7203
7204
7205
7206
7207
7210
7213
7215
7216
7217
7218
7219
7220
7221
7222
7223
7224
7225
7226
7227
7230
7231
7241
7242
7244
7245
7246
7247
7248
7249
7250
7251
7252
7253
7254
7255
7256
7257
7258
7259
7260
7268
7269
7270
7271
7272
7273
7278
7279
7283
7284
7285
7290
7291
7292
7293
7294
7295
7296
7297
7298
7300
7301
7302
7303
7304
7305
7306
7307
7308
7309
7310
7311
7312
7313
7314
7316
7317
7318
7323
7325
7326
7327
7328
7331
7332
7333
7334
7335
7336
7337
7339
7340
7341
7342
7343
7344
7345
7346
7351
7352
7353
7354
7355
7356
7357
7358
7359
7360
7361
7362
7363
7364
7365
7366
7367
7368
7369
7370
7371
7372
7373
7375
7376
7377
7378
7379
7380
7381
7382
7383
7384
7385
7386
7387
7388
7389
7390
7392
7393
7394
7395
7396
7397
7398
7399
7400
7405
7406
7407
7408
7409
7410
7412
7413
7414
7415
7422
7425
7426
7427
7428
7429
7430
7431
7432
7433
7434
7435
7436
7437
7438
7439
7440
7441
7442
7443
7444
7445
7446
7447
7448
7449
7450
7451
7452
7453
7454
7455
7456
7457
7458
7459
7460
7461
7462
7463
7464
7465
7466
7467
7468
7469
7470
7471
7472
7473
7474
7475
7476
7477
7478
7479
7480
7481
7483
7484
7485
7486
7487
7488
7489
7490
7491
7492
7493
7494
7495
7496
7497
7498
7499
7500
7501
7502
7503
7504
7505
7506
7507
7508
7509
7510
7511
7512
7513
7514
7515
7516
7517
7518
7519
7520
7521
7522
7523
7524
7528
7529
7530
7531
7532
7533
7534
7535
7537
7538
7539
7540
7541
7542
7543
7544
7545
7546
7547
7548
7549
7550
7551
7553
7554
7555
7556
7557
7558
7559
7560
7561
7562
7563
7564
7565
7566
7567
7568
7571
7572
7579
7580
7581
7582
7583
7584
7585
7586
7587
7588
7589
7590
7601
7602
7603
7604
7605
7606
7607
7608
7609
7610
7611
7612
7613
7614
7615
7616
7617
7618
7619
7620
7621
7622
7623
7624
7625
7626
7627
7628
7629
7630
7631
7632
7633
7634
7635
7636
7637
7638
7639
7640
7641
7642
7643
7644
7645
7646
7647
7648
7649
7650
7651
7652
7653
7654
7655
7656
7657
7658
7659
7660
7661
7662
7663
7664
7665
7669
7670
7671
7672
7673
7674
7676
7677
7678
7679
7683
7684
7685
7686
7687
7688
7690
7691
7692
7693
7694
7696
7697
7698
7699
7700
7701
7702
7703
7704
7705
7706
7707
7709
7710
7711
7712
7713
7714
7715
7716
7717
7718
7719
7720
7723
7724
7725
7726
7727
7728
7729
7730
7731
7732
7733
7734
7735
7736
7737
7738
7739
7740
7741
7742
7743
7744
7745
7746
7747
7748
7749
7750
7751
7754
7755
7757
7758
7759
7760
7761
7762
7763
7764
7765
7766
7767
7768
7769
7770
7771
7772
7773
7774
7775
7776
7777
7778
7779
7780
7781
7782
7783
7784
7785
7786
7787
7788
7792
7796
7797
7798
7799
7800
7801
7802
7803
7804
7805
7806
7807
7808
7809
7810
7811
7814
7815
