6
7
8
9
10
16
18
20
32
33
35
36
37
38
42
43
44
45
46
47
48
49
50
51
52
53
55
56
57
58
59
60
65
66
67
68
83
84
85
86
87
88
99
103
105
111
112
113
114
115
116
125
126
131
132
133
134
136
137
138
139
140
141
142
153
154
155
156
157
158
162
163
167
169
170
171
172
173
177
178
179
180
181
212
213
214
215
216
217
218
219
220
221
226
227
228
229
230
231
232
233
234
235
236
237
238
239
240
241
242
301
303
304
305
306
307
325
326
327
328
329
330
332
333
334
335
347
351
352
359
360
361
363
364
365
366
367
370
373
374
375
376
377
378
379
380
381
382
383
384
387
388
389
390
391
392
393
394
395
396
397
398
399
400
401
402
403
404
405
406
407
408
409
410
411
412
413
414
415
416
417
418
419
420
421
422
423
424
425
492
493
497
502
515
522
523
524
525
526
527
528
529
530
531
542
543
544
545
547
551
553
556
557
559
560
561
562
563
564
565
566
567
568
569
570
571
572
587
588
589
590
591
592
593
594
595
596
597
598
599
600
602
603
604
605
606
610
611
612
613
614
615
616
617
618
619
621
622
623
624
625
626
627
635
636
638
639
640
641
642
643
644
645
646
647
648
649
650
651
652
659
660
661
662
663
664
665
670
671
672
673
674
675
676
677
678
679
680
681
682
683
684
685
686
687
688
689
690
691
692
693
698
699
700
701
702
703
704
705
706
707
708
709
710
711
712
713
714
715
716
717
721
722
723
724
725
726
727
728
736
737
738
739
740
741
749
750
751
752
753
756
776
777
778
785
786
788
789
794
796
798
800
809
810
812
813
814
819
821
822
824
825
827
828
829
832
833
834
835
836
837
839
840
841
843
846
847
850
851
852
859
861
862
864
865
866
868
869
870
874
875
876
877
878
879
880
881
882
883
884
885
886
887
888
889
890
891
892
893
894
895
896
897
898
899
900
901
902
903
904
905
906
907
908
909
915
916
918
919
920
921
922
923
924
925
926
927
931
932
933
934
935
936
937
942
943
944
945
946
947
948
956
957
958
959
960
961
962
963
964
965
966
967
968
969
974
975
976
977
978
979
980
985
986
987
988
989
990
991
996
997
998
999
1000
1001
1002
1003
1004
1005
1006
1007
1008
1009
1010
1011
1012
1014
1015
1017
1025
1026
1027
1028
1029
1030
1031
1040
1043
1044
1050
1051
1052
1053
1057
1058
1059
1060
1061
1062
1063
1064
1065
1066
1067
1068
1069
1070
1071
1075
1076
1077
1078
1079
1080
1081
1082
1085
1086
1088
1089
1090
1091
1092
1093
1094
1095
1096
1097
1098
1102
1103
1104
1105
1109
1110
1111
1112
1113
1114
1115
1116
1117
1118
1119
1120
1121
1124
1125
1126
1127
1128
1129
1130
1131
1135
1136
1143
1144
1145
1146
1147
1148
1149
1152
1153
1154
1155
1156
1157
1158
1159
1163
1164
1167
1168
1172
1173
1174
1175
1176
1177
1178
1179
1180
1181
1182
1183
1184
1185
1186
1187
1188
1189
1190
1191
1192
1193
1194
1204
1205
1206
1207
1208
1209
1210
1211
1212
1213
1214
1215
1216
1217
1218
1221
1223
1224
1225
1226
1227
1228
1229
1230
1234
1237
1238
1239
1240
1241
1242
1243
1247
1248
1249
1250
1251
1252
1253
1254
1255
1258
1259
1260
1261
1262
1263
1264
1265
1266
1267
1268
1269
1273
1274
1281
1282
1283
1284
1285
1286
1289
1291
1292
1293
1294
1295
1296
1297
1298
1299
1303
1307
1308
1309
1310
1311
1312
1313
1314
1315
1316
1317
1318
1319
1320
1321
1322
1323
1324
1325
1326
1337
1342
1343
1346
1351
1352
1353
1354
1355
1356
1363
1364
1365
1372
1373
1374
1381
1382
1385
1397
1398
1399
1402
1403
1404
1405
1406
1407
1408
1411
1412
1413
1414
1415
1416
1417
1418
1419
1422
1423
1424
1425
1426
1427
1428
1429
1432
1433
1434
1435
1436
1437
1440
1441
1442
1443
1444
1445
1446
1447
1450
1451
1452
1453
1454
1455
1458
1459
1460
1461
1462
1463
1464
1465
1466
1467
1468
1469
1470
1471
1472
