2
3
4
5
6
7
8
9
10
11
12
13
14
15
16
17
18
19
20
21
22
23
24
25
26
27
28
29
30
31
32
33
34
35
36
37
38
39
40
41
42
43
44
45
46
47
48
49
50
51
52
53
55
56
57
58
59
60
61
62
63
64
65
67
68
69
70
71
72
73
74
75
76
77
78
79
80
81
82
86
87
88
89
90
91
92
93
94
95
96
97
98
99
100
102
103
106
108
112
113
114
115
116
117
119
121
123
124
125
127
128
129
130
131
133
135
136
153
154
155
156
157
158
159
160
161
162
163
165
166
168
169
171
172
173
174
175
176
177
178
179
181
182
183
184
185
186
187
188
189
190
191
192
193
194
195
197
198
201
204
205
212
213
214
215
216
217
218
219
220
221
222
225
228
231
232
233
234
237
238
239
240
241
242
243
246
249
250
251
268
269
270
271
272
273
275
276
278
279
280
281
282
283
284
285
286
289
293
294
295
296
297
300
302
304
307
308
309
310
311
312
313
314
315
316
317
318
319
324
336
337
338
339
340
341
342
343
344
345
348
352
353
354
355
356
359
361
363
366
367
368
369
370
371
372
373
374
375
376
377
378
383
395
396
397
398
399
400
401
402
403
404
406
407
409
413
414
415
416
417
418
419
420
421
422
423
425
427
428
429
431
432
433
435
436
437
439
441
442
459
460
461
462
463
464
465
466
467
468
469
470
471
472
473
474
475
476
479
482
483
485
486
488
491
494
496
497
498
499
500
501
502
503
505
506
508
509
510
511
512
515
518
519
521
522
524
527
530
532
533
535
536
538
539
541
542
544
546
547
548
550
551
552
553
554
555
556
557
558
559
560
561
562
573
574
577
587
588
589
590
591
592
593
594
595
596
597
598
599
602
603
604
605
606
607
608
609
610
611
612
613
614
623
624
625
631
632
633
634
635
636
637
638
639
640
649
650
651
661
662
663
665
666
667
668
669
672
673
674
677
678
679
680
681
682
683
684
685
686
687
688
689
692
693
694
695
696
697
698
699
700
701
702
703
704
705
706
707
708
710
711
712
713
714
715
720
721
722
723
724
725
726
727
728
729
730
731
732
733
737
738
739
740
741
742
743
744
745
746
747
748
749
750
754
755
756
757
758
759
760
761
762
763
764
765
766
767
771
772
773
774
775
776
777
778
779
780
781
782
783
784
788
789
790
791
792
793
794
795
796
797
798
799
800
801
805
806
807
808
809
810
811
812
813
814
815
816
817
818
822
823
824
825
826
827
828
829
830
831
832
833
834
835
839
840
841
842
843
844
845
846
847
848
849
850
851
852
856
857
858
859
860
861
862
863
864
865
866
867
868
869
873
874
875
876
877
878
879
880
881
882
883
884
885
886
890
891
892
893
894
895
896
897
898
899
900
901
902
903
907
908
909
910
911
912
913
914
915
916
917
918
919
920
924
925
926
927
928
930
931
932
933
934
935
936
