8
9
11
16
28
29
30
31
32
33
34
35
36
37
38
40
41
42
43
53
58
72
74
75
76
77
78
79
80
81
82
83
85
87
89
91
93
96
101
102
106
128
129
130
131
132
134
136
137
138
139
140
141
142
143
144
149
151
158
164
169
170
171
172
173
178
191
192
193
194
195
196
201
203
210
216
221
222
223
224
225
227
232
234
235
236
237
244
247
248
249
250
251
252
253
254
255
266
267
268
269
270
271
272
273
274
275
276
277
278
279
280
281
282
283
285
289
290
291
292
293
294
295
296
297
298
299
300
301
302
303
304
305
306
307
308
309
310
311
312
313
314
315
316
318
322
323
324
325
326
327
328
329
330
331
332
333
334
335
336
337
338
339
342
343
344
351
353
354
355
356
357
358
359
360
361
362
363
364
367
368
369
376
378
380
381
382
383
390
393
394
395
396
397
404
405
406
407
408
409
410
411
412
413
414
415
416
417
418
420
421
422
423
424
425
426
427
428
429
430
431
432
433
434
436
441
446
450
451
452
453
454
461
464
465
467
468
469
470
471
472
473
474
475
476
477
478
479
480
481
482
483
484
485
486
487
488
489
490
491
492
493
494
495
496
497
498
499
500
501
502
503
504
505
506
507
508
509
510
511
513
520
521
523
524
525
526
534
535
536
537
538
539
540
541
542
543
544
545
546
547
552
553
554
555
556
557
558
559
560
564
565
567
571
572
573
574
575
578
580
582
585
586
587
588
589
590
591
592
593
594
595
596
597
598
599
600
601
602
603
604
605
606
607
608
609
610
611
612
613
614
615
616
617
618
619
620
621
622
623
624
625
626
627
628
629
630
631
632
634
635
636
637
638
639
640
642
643
644
645
646
647
648
659
671
672
674
675
676
683
684
686
687
688
689
691
692
693
694
695
696
700
701
702
703
704
706
707
708
709
710
711
712
713
714
715
716
717
718
719
720
721
722
724
725
726
727
735
736
738
739
740
741
743
744
745
747
748
749
751
752
753
754
755
756
757
758
759
760
761
762
763
765
766
767
768
769
770
771
772
773
774
775
776
777
780
781
782
789
797
798
800
801
802
803
804
807
814
815
816
817
818
819
820
821
822
823
825
829
830
831
833
834
836
837
838
839
840
841
842
845
849
850
851
852
853
860
863
864
866
867
868
869
870
872
873
874
876
877
879
880
882
883
885
886
888
889
891
892
894
895
896
897
903
904
906
907
908
910
911
912
914
918
919
920
921
922
923
925
927
928
929
931
932
933
935
936
941
942
943
944
951
966
967
968
972
973
974
975
976
979
985
986
987
990
991
992
993
994
995
996
997
998
999
1000
1001
1003
1004
1005
1007
1009
1010
1011
1012
1013
1014
1034
1035
1036
1043
1044
1045
1064
1065
1066
1069
1073
1074
1075
1077
1081
1082
1083
1084
1085
1086
1088
1090
1091
1092
1094
1095
1096
1098
1099
1104
1105
1106
1107
1114
1122
1123
1125
1133
1134
1136
1137
1138
1139
1141
1142
1143
1144
1145
1146
1147
1148
1150
1151
1152
1153
1155
1156
1157
1158
1159
1160
1163
1164
1165
1166
1167
1168
1169
1170
1171
1173
1174
1175
1176
1178
1179
1180
1181
1182
1183
1186
1187
1188
1189
1190
1191
1192
1193
1194
1196
1197
1198
1199
1201
1202
1203
1204
1205
1206
1207
1208
1210
1211
1212
1213
1215
1216
1217
1218
1219
1220
1223
1224
1225
1226
1227
1228
1229
1230
1232
1233
1234
1235
1237
1238
1239
1240
1241
1242
1245
1246
1247
1248
1249
1250
1257
1260
1262
1263
1265
1266
1267
1269
1271
1273
1275
1277
1279
1280
1281
1282
1286
1287
1288
1289
1290
1293
1294
1295
1297
1298
1299
1300
1301
1302
1303
1304
1305
1306
1307
1309
1310
1311
1312
1314
1315
1316
1317
1318
1319
1320
1321
1323
1325
1326
1327
1328
1329
1330
1331
1332
1334
1335
1337
1339
1342
1343
1344
1345
1346
1347
1350
1351
1353
1354
1355
1356
1357
1358
1359
1360
1361
1362
1363
1364
1365
1366
1368
1370
1371
1372
1373
1374
1375
1376
1377
1379
1380
1381
1383
1384
1385
1386
1387
1388
1390
1391
1392
1393
1394
1395
1396
1397
1398
1399
1403
1404
1405
1406
1407
1408
1409
1410
1412
1413
1414
1415
1417
1418
1419
1427
1428
1429
1430
1431
1432
1433
1434
1439
1451
1452
1453
1454
1461
1462
1463
1464
1465
1466
1467
1468
1470
1472
1473
1474
1476
1478
1480
1482
1484
1485
1486
1487
1488
1491
1492
1499
1500
1501
1502
1503
1504
1505
1506
1507
1508
1513
1514
1517
1521
1522
1527
1528
1530
1537
1538
1539
1540
1541
1542
1543
1544
1545
1546
1547
1548
1549
1550
1551
1552
1554
1555
1559
1560
1561
1562
1563
1564
1565
1566
1567
1568
1570
1572
1574
1576
1578
1579
1580
1582
1584
1586
1588
1590
1592
1593
1595
1596
1597
1598
1599
1602
1605
1606
1608
1609
1611
1614
1626
1628
1630
1632
1634
1636
1637
1639
1640
1641
1644
1647
1649
1650
1651
1652
1653
1656
1659
1660
1662
1663
1665
1668
1680
1682
1684
1686
1688
1690
1691
1693
1694
1695
1698
1701
1702
1703
1704
1705
1706
1707
1708
1710
1711
1712
1713
1714
1715
1716
1717
1718
1719
1720
1721
1722
1725
1726
1727
1734
1742
1743
1745
1750
1762
1763
1764
1765
1766
1767
1768
1769
1770
1771
1772
1773
1776
1777
1778
1785
1793
1794
1795
1796
1797
1798
1799
1800
1801
1802
1803
1804
1805
1806
1807
1808
1809
1810
1811
1812
1813
1814
1815
1816
1817
1818
1820
1821
1831
1832
1834
1835
1836
1837
1841
1843
1845
1847
1849
1851
1853
1854
1855
1859
1860
1861
1862
1864
1865
1866
1868
1872
1873
1874
1875
1876
1883
1886
1887
1889
1890
1891
1892
1893
1894
1895
1896
1897
1898
1899
1901
1902
1906
1907
1908
1909
1910
1911
1912
1913
1914
1915
1916
1917
1920
1921
1922
1929
1937
1938
1940
1945
1957
1958
1959
1960
1961
1962
1963
1964
1965
1966
1967
1968
1971
1972
1973
1980
1988
1989
1991
1992
1993
1994
1997
1998
1999
2000
2001
2002
2003
2004
2005
2006
2007
2008
2010
2011
2012
2013
2014
2015
2016
2017
2018
2019
2020
2021
2023
2024
2027
2030
2031
2044
2045
2046
2047
2048
2049
2050
2051
2052
2053
2054
2055
2056
2057
2058
2059
2062
2063
2064
2071
2079
2080
2082
2084
2086
2087
2088
2090
2092
2094
2096
2098
2099
2100
2101
2102
2103
2104
2105
2106
2107
2109
2110
2111
2118
2119
2121
2122
2123
2124
2126
2129
2132
2133
2146
2147
2148
2149
2150
2151
2152
2153
2154
2155
2156
2157
2158
2159
2160
2161
2164
2165
2166
2173
2181
2182
2184
2186
2187
2188
2189
2190
2191
2192
2193
2194
2195
2197
2198
2199
2206
2207
2209
2210
2211
2212
2214
2217
2220
2221
2234
2235
2236
2237
2238
2239
2240
2241
2242
2243
2244
2245
2246
2247
2248
2249
2252
2253
2254
2261
2269
2270
2272
2274
2276
2277
2278
2280
2282
2284
2286
2288
2289
2290
2291
2292
2293
2294
2295
2296
2297
2299
2300
2301
2308
2309
2311
2312
2313
2314
2316
2319
2322
2323
2336
2337
2338
2339
2346
2347
2349
2350
2351
2352
2353
2354
2357
2360
2361
2374
2379
2384
2385
2387
2388
2389
