1
2
3
4
5
6
8
9
11
13
24
25
26
27
28
29
30
31
32
33
34
35
36
37
38
39
40
41
42
43
44
45
46
47
48
49
50
51
52
53
60
61
62
63
76
78
79
80
81
82
83
84
85
86
87
89
90
91
92
93
94
95
96
97
99
100
101
102
103
104
105
106
107
119
120
123
141
142
143
144
145
146
148
149
192
193
194
196
198
199
210
211
212
214
215
216
217
218
219
220
223
224
225
226
227
228
236
237
239
242
244
245
246
247
248
249
250
251
252
253
254
255
256
257
258
259
260
261
264
265
266
267
268
269
270
272
273
275
277
281
282
291
292
294
295
296
297
298
299
300
301
302
303
316
317
326
327
341
342
360
372
373
374
375
377
381
382
383
384
385
386
387
388
389
390
391
392
393
394
395
407
408
409
410
414
415
416
417
419
420
421
422
423
424
425
426
427
428
429
430
431
432
436
444
447
448
449
450
452
458
459
466
467
468
472
480
483
484
485
486
488
490
491
496
516
518
519
520
521
522
523
524
534
535
536
537
538
539
540
541
542
543
544
545
546
547
550
551
552
553
561
562
563
564
565
567
575
576
577
578
580
581
582
583
584
585
586
587
588
589
590
591
592
593
594
595
596
597
600
601
602
603
604
605
606
608
609
610
612
613
614
615
616
617
618
619
620
621
622
623
624
626
627
628
629
637
638
646
647
648
649
650
651
655
659
660
661
662
663
664
665
666
667
668
672
673
674
675
676
677
679
680
681
682
684
685
686
687
688
689
690
696
697
698
699
700
701
702
703
704
705
706
707
708
710
711
712
713
714
715
716
717
718
719
721
722
723
724
725
726
727
728
729
730
739
740
742
743
744
745
751
752
753
754
755
756
758
759
760
761
771
772
773
774
775
776
777
778
779
780
785
787
788
793
794
810
811
812
813
814
815
816
817
818
819
827
828
830
841
842
843
844
845
846
848
849
850
860
861
862
863
864
865
866
867
868
869
880
881
882
883
884
885
886
887
888
889
890
891
892
893
901
902
903
904
920
921
923
924
925
926
927
928
929
935
936
937
938
939
940
955
956
957
959
961
963
964
965
966
967
968
969
972
985
988
989
990
991
992
993
994
999
1017
1018
1019
1020
1021
1022
1023
1024
1025
1026
1027
1028
1029
1030
1031
1032
1033
1034
1035
1036
1038
1039
1043
1044
1045
1046
1047
1048
1049
1050
1051
1053
1056
1057
1066
1096
1097
1098
1100
1102
1106
1107
1108
1109
1110
1111
1112
1113
1114
1115
1119
1120
1121
1123
1125
1128
1129
1139
1143
1148
1153
1158
1163
1164
1165
1166
1167
1176
1177
1178
1179
1180
1181
1182
1183
1186
1187
1188
1189
1190
1191
1192
1193
1198
1199
1200
1201
1202
1207
1209
1215
1216
1217
1218
1220
1223
1229
1232
1233
1238
1239
1240
