11
12
13
14
15
25
26
33
36
37
38
41
43
45
46
47
48
49
53
56
57
58
59
68
69
70
74
103
104
105
106
107
108
109
110
111
112
113
114
116
118
119
121
122
123
124
125
126
127
128
129
130
132
133
134
135
136
137
138
139
140
141
142
143
144
145
146
147
148
149
150
151
152
153
154
155
156
157
158
159
160
161
162
163
164
165
166
167
168
169
170
171
172
173
174
175
176
177
178
179
180
181
183
184
186
187
188
189
190
191
197
198
200
201
202
203
204
205
206
207
208
209
210
211
212
213
214
215
216
217
218
219
220
221
222
223
224
225
226
227
228
229
230
231
232
233
234
235
236
237
238
239
240
241
242
243
244
245
246
247
248
249
250
251
252
253
254
255
256
257
258
259
260
261
269
271
272
273
274
275
276
277
278
279
281
282
283
284
285
286
287
288
289
290
291
292
293
294
295
296
297
298
299
300
301
302
303
304
305
306
307
308
309
310
311
312
313
314
315
316
321
322
323
324
325
326
327
328
329
330
331
332
333
334
335
336
337
338
339
340
341
342
343
344
345
346
347
348
350
351
352
353
354
355
356
357
358
359
360
361
362
363
364
365
366
367
368
369
370
371
372
373
374
375
376
378
379
380
381
382
383
384
385
386
387
388
389
390
391
392
393
394
395
396
397
398
399
400
401
402
403
404
405
406
407
408
409
410
411
412
413
414
415
416
417
418
419
420
421
422
423
424
425
426
427
428
429
430
431
432
433
434
435
436
437
438
439
440
441
442
443
444
445
446
447
448
449
450
451
452
453
454
455
456
457
458
459
460
461
462
463
464
465
466
467
468
469
470
471
472
473
474
476
478
479
480
481
482
483
484
487
489
490
491
492
494
497
499
500
501
502
503
504
505
506
507
508
509
510
511
512
513
514
515
516
517
518
519
520
521
522
523
524
525
531
532
535
536
538
539
540
541
542
543
544
545
546
547
548
549
550
551
565
572
573
574
575
576
577
583
584
587
588
590
591
592
593
594
595
596
597
598
599
600
601
602
603
604
605
606
607
608
609
610
613
617
618
619
620
622
623
624
625
626
627
632
633
634
639
640
641
642
643
644
645
646
649
660
663
664
665
666
667
668
669
670
673
674
675
676
677
699
700
701
702
703
704
705
706
707
708
709
710
711
712
713
714
715
716
717
732
733
734
737
738
739
763
765
766
767
768
769
770
771
774
781
789
790
801
802
803
804
806
808
811
813
814
815
816
817
818
820
823
824
830
831
833
836
837
839
842
849
850
855
856
858
859
860
861
862
863
865
868
869
870
871
872
873
875
876
877
878
1218
1219
1220
1221
1222
1223
1224
1225
1226
1227
1228
1229
1230
1231
1232
1233
1234
1235
1236
1237
1238
1239
1240
1241
1242
1245
1246
1248
1249
1250
1251
1252
1253
1254
1255
1256
1258
1259
1260
1261
1262
1263
1264
1265
1266
1267
1268
1270
1289
1290
1291
1292
1294
1296
1297
1299
1300
1305
1306
1307
1308
1309
1310
1311
1312
1313
1314
1315
1316
1317
1318
1319
1320
1321
1322
1323
1324
1325
1326
1327
1328
1329
1330
1331
1332
1333
1334
1335
1336
1337
1338
1339
1341
1342
1343
1344
1345
1346
1347
1348
1349
1350
1351
1352
1353
1354
1355
1356
1357
1358
1359
1360
1361
1362
1363
1364
1365
1366
1367
1368
1369
1370
1371
1372
1376
1377
1378
1379
1380
1381
1382
1383
1384
1385
1387
1388
1389
1390
1391
1392
1393
1394
1395
1396
1397
1398
1399
1400
1407
1408
1419
1421
1422
1423
1424
1425
1426
1427
1428
1429
1430
1431
1432
1433
1434
1435
1436
1437
1438
1439
1440
1441
1442
1443
1444
1445
1446
1447
1448
1449
1450
1451
1452
1453
1454
1455
1456
1457
1458
1459
1460
1461
1462
1463
1464
1465
1466
1467
1468
1469
1470
1471
1472
1473
1474
1475
1476
1477
1478
1479
1480
1481
1482
1483
1484
1485
1486
1487
1488
1489
1494
1495
1496
1497
1498
1499
1500
1501
1502
1503
1505
1506
1507
1508
1509
1510
1511
1512
1513
1514
1515
1516
1517
1518
1519
1525
1526
1527
1528
1529
1530
1531
1532
1533
1534
1535
1536
1537
1546
1547
1548
1549
1550
1551
1552
1555
1557
1558
1561
1562
1563
1564
1565
1566
1567
1568
1569
1570
1571
1572
1573
1574
1575
1576
1577
1578
1579
1580
1581
1582
1583
1584
1585
