182
185
186
187
188
189
190
191
192
193
194
197
198
199
209
214
215
216
217
218
219
220
221
222
223
224
225
226
227
228
229
230
232
233
234
241
242
243
244
245
246
247
248
249
258
259
261
262
263
264
265
266
267
268
270
275
280
285
290
291
292
293
294
295
296
297
304
305
306
307
308
309
310
311
312
313
314
316
317
318
319
320
322
323
324
326
327
328
329
330
331
333
334
335
336
343
344
345
346
347
348
349
350
351
352
353
354
355
356
357
358
359
360
362
363
364
372
373
374
375
376
377
378
379
380
381
382
383
384
385
386
387
388
389
390
391
392
393
394
395
396
397
398
399
400
401
402
403
404
405
407
408
409
410
411
412
414
415
417
421
422
423
424
425
426
427
428
429
432
436
437
438
439
440
441
442
443
444
445
446
448
449
451
452
457
458
459
460
461
462
463
464
465
466
467
468
469
470
471
472
473
480
481
482
483
485
487
489
493
494
495
496
497
498
499
500
501
502
503
504
505
506
507
508
509
510
511
512
513
514
515
516
517
518
519
520
521
522
535
536
542
550
551
554
555
556
557
558
559
560
561
564
565
571
573
575
577
581
582
583
587
588
589
590
591
592
605
606
621
622
624
625
626
627
628
629
630
631
632
633
650
651
662
663
665
666
667
668
670
671
672
673
677
678
679
680
683
684
685
686
687
688
690
691
692
698
699
700
701
703
704
705
706
707
708
709
710
711
712
715
719
720
721
722
723
724
726
727
728
729
730
731
732
738
739
741
742
743
744
745
748
752
760
761
768
769
770
773
774
775
776
777
784
785
786
787
788
789
790
791
792
793
794
795
796
797
798
799
800
801
802
803
807
808
809
810
811
812
813
814
815
816
818
819
820
821
822
823
824
825
826
827
828
829
830
831
832
833
837
838
839
840
841
842
843
844
845
846
848
849
850
851
852
853
854
855
856
857
858
859
860
861
862
863
872
876
877
878
879
880
881
882
883
884
885
887
888
889
890
891
892
893
894
895
896
897
898
899
900
901
903
904
905
908
910
913
914
915
917
918
919
920
924
939
940
941
942
943
944
946
947
948
949
950
951
953
954
955
957
958
959
961
962
963
964
965
966
967
968
969
970
971
972
973
974
975
976
977
978
979
980
981
982
983
984
985
986
987
988
989
990
991
992
993
994
995
996
997
999
1000
1001
1002
1003
1004
1005
1006
1007
1008
1009
1010
1011
1012
1013
1014
1015
1017
1018
1019
1020
1021
1022
1023
1024
1025
1026
1029
1030
1031
1032
1033
1034
1035
1036
1037
1038
1039
1040
1041
1042
1043
1044
1045
1046
1047
1048
1049
1050
1051
1052
1053
1054
1055
1056
1057
1058
1061
1073
1074
1075
1079
1080
1081
1082
1083
1084
1097
1098
1109
1110
1119
1120
1124
1125
1126
1127
1128
1129
1130
1131
1132
1133
1135
1136
1137
