58
59
63
64
65
66
67
68
73
74
75
76
77
79
113
114
115
116
117
118
119
120
123
125
136
137
138
139
140
141
142
143
144
145
146
147
148
149
150
151
152
153
154
155
156
157
158
161
162
164
178
180
181
182
183
184
185
186
187
191
196
197
198
199
204
205
206
207
209
210
211
212
214
215
216
217
218
228
229
230
231
232
233
235
247
248
249
250
251
252
257
259
260
264
265
266
267
268
269
284
287
288
291
292
293
294
295
296
297
298
299
300
304
306
309
310
311
312
313
314
315
316
317
318
319
321
322
323
324
325
326
327
339
341
362
363
365
366
367
368
383
384
385
386
387
388
389
392
409
410
411
412
413
414
415
416
417
420
421
422
423
424
425
426
427
428
429
430
431
432
433
434
446
447
448
469
502
503
504
505
506
507
508
509
510
514
515
516
517
518
520
531
532
543
544
545
546
547
549
550
551
552
553
554
555
556
557
558
559
562
563
564
565
566
567
568
572
573
574
575
576
577
578
579
580
581
582
583
584
592
593
594
595
596
597
598
599
600
601
602
603
604
605
606
607
608
609
610
611
612
613
614
615
616
617
618
619
620
625
626
627
628
629
630
631
632
633
634
635
638
640
662
663
665
666
667
668
669
670
671
672
673
674
675
686
687
688
689
690
691
692
693
698
699
702
703
705
706
707
708
709
710
711
712
713
714
715
716
717
718
719
720
722
723
724
726
727
728
729
730
731
732
733
734
735
736
747
748
751
752
753
754
755
759
760
761
762
763
764
765
775
776
777
778
779
780
781
782
783
784
788
789
790
791
792
794
805
806
807
808
810
811
816
817
818
819
820
821
822
823
824
826
827
828
829
830
831
832
833
834
835
836
837
838
845
847
848
849
855
856
857
858
859
860
861
862
863
864
865
866
867
868
869
871
882
883
884
885
889
891
892
897
898
899
900
901
902
903
904
905
906
910
911
912
913
914
915
916
917
918
919
920
921
922
923
924
925
926
927
928
929
930
931
932
936
937
938
939
940
941
942
943
944
945
946
947
948
952
953
954
961
962
963
964
965
966
967
968
969
970
971
972
973
974
975
976
977
978
979
980
981
982
983
984
985
986
987
988
989
990
991
992
996
997
998
999
1000
1001
1002
1003
1004
1005
1007
1009
1010
1011
1012
1013
1028
1029
1030
1031
1032
1034
1037
1038
1043
1044
1045
1046
1050
1051
1055
1056
1057
1058
1059
1061
1063
1064
1065
1066
1067
1068
1069
1070
1071
1072
1073
1074
1075
1076
1077
1078
1079
1080
1081
1082
1083
1084
1085
1089
1090
1101
1102
1103
1104
1105
1106
1107
1108
1111
1112
1113
1114
1124
1125
1126
1127
1128
1130
1133
1134
1135
1136
1137
1138
1148
1153
1154
1155
1156
1162
1163
1166
1167
1169
1170
1171
1172
1173
1174
1175
1176
1177
1178
1179
1180
1182
1197
1198
1199
1200
1205
1206
1207
1208
1213
1214
1215
1216
1221
1222
1223
1224
1229
1230
1231
1232
1237
1238
1239
1240
1245
1246
1247
1248
1261
1262
1263
1264
1277
1278
1279
1280
1285
1286
1287
1288
1293
1294
1295
1296
1301
1302
1303
1304
1309
1310
1311
1312
1317
1318
1319
1320
1325
1326
1327
1328
1333
1334
1335
1336
1349
1350
1351
1352
1365
1366
1367
1368
1373
1374
1375
1376
1377
1378
1379
1380
1381
1382
1383
1384
1385
1387
1388
1392
1393
1394
1395
1396
1397
1398
1399
1400
1401
1402
1410
1413
1414
1415
1416
1417
1418
1419
1420
1421
1422
1423
1424
1425
1426
1427
1436
1437
1438
1439
1440
1441
1442
1443
1444
1445
1446
1447
1448
1449
1450
1451
1452
1453
1454
1455
1456
1457
1458
1460
1461
1462
1463
1464
1465
1466
1467
1470
1471
1472
1473
1474
1475
1476
1477
1478
1479
1480
1483
1484
1485
1487
1494
1497
1499
1500
1501
1502
1503
1504
1505
1506
1507
1508
1509
1510
