8
9
11
16
28
29
30
31
32
33
34
35
36
37
38
40
41
42
43
53
58
72
74
75
76
77
78
79
80
81
82
83
85
87
89
91
93
96
101
102
106
128
129
130
131
132
134
136
137
138
139
140
141
142
143
144
149
151
158
164
169
170
171
172
173
178
191
192
193
194
195
196
201
203
210
216
221
222
223
224
225
227
232
234
235
236
237
244
247
248
249
250
251
252
253
254
255
266
267
268
269
270
271
272
273
274
275
276
277
278
279
280
281
282
283
285
289
290
291
292
293
294
295
296
297
298
299
300
301
302
303
304
305
306
307
308
309
310
311
312
313
314
315
316
318
322
323
324
325
326
327
328
329
330
331
332
333
334
335
336
337
338
339
342
343
344
351
353
354
355
356
357
358
359
360
361
362
363
364
367
368
369
376
378
380
381
382
383
390
393
394
395
396
397
404
405
406
407
408
409
410
411
412
413
414
415
416
417
418
420
421
422
423
424
425
426
427
428
429
430
431
432
433
434
436
441
446
450
451
452
453
454
461
464
465
467
468
469
470
471
472
473
474
475
476
477
478
479
480
481
482
483
484
485
486
487
488
489
490
491
492
493
494
495
496
497
498
499
500
501
502
503
504
505
506
507
508
509
510
511
513
520
521
523
524
525
526
534
535
536
537
538
539
540
541
542
543
544
545
546
547
552
553
554
555
556
557
558
559
560
564
565
567
571
572
573
574
575
578
580
582
585
586
587
588
589
590
591
592
593
594
595
596
597
598
599
600
601
602
603
604
605
606
607
608
609
610
611
612
613
614
616
620
621
622
623
624
625
626
627
628
629
630
631
632
633
634
635
636
637
638
639
640
641
642
643
644
645
646
647
648
649
650
651
652
653
654
655
656
657
658
659
660
661
662
663
664
665
666
667
669
670
671
672
673
674
675
677
678
679
680
681
682
683
694
706
707
709
710
711
718
719
721
722
723
724
726
727
728
729
730
731
735
736
737
738
739
741
742
743
744
745
746
747
748
749
750
751
752
753
754
755
756
757
759
760
761
762
770
771
773
774
775
776
778
779
780
782
783
784
786
787
788
789
790
791
792
793
794
795
796
797
798
800
801
802
803
804
805
806
807
808
809
810
811
812
815
816
817
824
832
833
835
836
837
838
839
842
849
850
851
852
853
854
855
856
857
858
860
864
865
866
868
869
871
872
873
874
875
876
877
880
884
885
886
887
888
895
898
899
901
902
903
904
905
907
908
909
911
912
914
915
917
918
920
921
923
924
926
927
929
930
931
932
938
939
941
942
943
945
946
947
949
953
954
955
956
957
958
960
962
963
964
966
967
968
970
971
976
977
978
979
986
1001
1002
1003
1007
1008
1009
1010
1011
1014
1020
1021
1022
1025
1026
1027
1028
1029
1030
1031
1032
1033
1034
1035
1036
1038
1040
1041
1042
1043
1044
1045
1046
1047
1049
1050
1052
1054
1057
1058
1059
1060
1061
1062
1065
1066
1068
1069
1070
1071
1072
1073
1074
1075
1076
1096
1097
1098
1105
1106
1107
1126
1127
1128
1131
1135
1136
1137
1139
1143
1144
1145
1146
1147
1148
1150
1152
1153
1154
1156
1157
1158
1160
1161
1166
1167
1168
1169
1176
1184
1185
1187
1195
1196
1198
1199
1200
1201
1203
1204
1205
1206
1207
1208
1209
1210
1212
1213
1214
1215
1217
1218
1219
1220
1221
1222
1225
1226
1227
1228
1229
1230
1231
1232
1233
1235
1236
1237
1238
1240
1241
1242
1243
1244
1245
1248
1249
1250
1251
1252
1253
1254
1255
1256
1258
1259
1260
1261
1263
1264
1265
1266
1267
1268
1269
1270
1272
1273
1274
1275
1277
1278
1279
1280
1281
1282
1285
1286
1287
1288
1289
1290
1291
1292
1294
1295
1296
1297
1299
1300
1301
1302
1303
1304
1307
1308
1309
1310
1311
1312
1319
1322
1324
1325
1327
1328
1329
1331
1333
1335
1337
1339
1341
1342
1343
1344
1348
1349
1350
1351
1352
1355
1356
1357
1359
1360
1361
1362
1363
1364
1365
1366
1367
1368
1369
1371
1372
1373
1374
1376
1377
1378
1379
1380
1381
1382
1383
1385
1387
1388
1389
1390
1391
1392
1393
1394
1396
1397
1399
1401
1404
1405
1406
1407
1408
1409
1412
1413
1415
1416
1417
1418
1419
1420
1421
1422
1423
1424
1425
1426
1427
1428
1430
1432
1433
1434
1435
1436
1437
1438
1439
1441
1442
1443
1445
1446
1447
1448
1449
1450
1452
1453
1454
1455
1456
1457
1458
1459
1460
1461
1465
1466
1467
1468
1469
1470
1471
1472
1474
1475
1476
1477
1479
1480
1481
1489
1490
1491
1492
1493
1494
1495
1496
1501
1513
1514
1515
1516
1523
1524
1525
1526
1527
1528
1529
1530
1532
1534
1535
1536
1538
1540
1542
1544
1546
1547
1548
1549
1550
1551
1552
1553
1555
1556
1557
1558
1559
1560
1561
1562
1571
1573
1575
1577
1588
1590
1600
1602
1604
1611
1612
1613
1614
1615
1616
1617
1618
1619
1620
1621
1622
1623
1624
1625
1626
1628
1629
1633
1634
1635
1636
1637
1638
1639
1640
1641
1642
1644
1646
1648
1650
1652
1653
1654
1656
1658
1660
1662
1664
1666
1667
1669
1670
1671
1672
1673
1676
1679
1680
1682
1683
1685
1688
1700
1702
1704
1706
1708
1710
1711
1713
1714
1715
1718
1721
1722
1723
1724
1725
1726
1727
1728
1730
1731
1735
1737
1738
1739
1740
1741
1744
1747
1748
1750
1751
1753
1756
1768
1770
1772
1774
1776
1778
1779
1781
1782
1783
1786
1789
1790
1791
1792
1793
1794
1795
1796
1798
1799
1803
1804
1805
1806
1807
1808
1809
1810
1812
1813
1814
1815
1816
1817
1818
1819
1820
1821
1822
1823
1824
1827
1828
1829
1836
1844
1845
1847
1852
1864
1865
1866
1867
1868
1869
1870
1871
1872
1873
1874
1875
1878
1879
1880
1887
1895
1896
1897
1898
1899
1900
1901
1902
1903
1904
1905
1906
1907
1908
1909
1910
1911
1912
1913
1914
1915
1916
1917
1918
1919
1920
1922
1923
1933
1934
1936
1937
1938
1939
1943
1945
1947
1949
1951
1953
1955
1956
1957
1961
1962
1963
1964
1966
1967
1968
1970
1974
1975
1976
1977
1978
1985
1988
1989
1991
1992
1993
1994
1995
1996
1997
1998
1999
2000
2001
2003
2004
2008
2009
2010
2011
2012
2013
2014
2015
2016
2017
2018
2019
2022
2023
2024
2031
2039
2040
2042
2047
2059
2060
2061
2062
2063
2064
2065
2066
2067
2068
2069
2070
2073
2074
2075
2082
2090
2091
2093
2094
2095
2096
2099
2100
2101
2102
2103
2104
2105
2106
2107
2108
2109
2110
2112
2113
2114
2115
2116
2117
2118
2119
2120
2121
2122
2123
2125
2126
2129
2132
2133
2146
2147
2148
2149
2150
2151
2152
2153
2154
2155
2156
2157
2158
2159
2160
2161
2164
2165
2166
2173
2181
2182
2184
2186
2188
2189
2190
2192
2194
2196
2198
2200
2201
2202
2203
2204
2205
2206
2207
2208
2209
2211
2212
2213
2220
2221
2223
2224
2225
2226
2228
2231
2234
2235
2248
2249
2250
2251
2252
2253
2254
2255
2256
2257
2258
2259
2260
2261
2262
2263
2266
2267
2268
2275
2283
2284
2286
2288
2289
2290
2291
2292
2293
2294
2295
2296
2297
2299
2300
2301
2308
2309
2311
2312
2313
2314
2316
2319
2322
2323
2336
2337
2338
2339
2340
2341
2342
2343
2344
2345
2346
2347
2348
2349
2350
2351
2354
2355
2356
2363
2371
2372
2374
2376
2378
2379
2380
2382
2384
2386
2388
2390
2391
2392
2393
2394
2395
2396
2397
2398
2399
2401
2402
2403
2410
2411
2413
2414
2415
2416
2418
2421
2424
2425
2438
2439
2440
2441
2448
2449
2451
2452
2453
2454
2455
2456
2459
2462
2463
2476
2481
2486
2487
2489
2490
2491
