8
9
11
16
28
29
30
31
32
33
34
35
36
37
38
40
41
42
43
53
58
72
74
75
76
77
78
79
80
81
82
83
85
87
89
91
93
96
101
102
106
128
129
130
131
132
134
136
137
138
139
140
141
142
143
144
149
151
158
164
169
170
171
172
173
178
191
192
193
194
195
196
201
203
210
216
221
222
223
224
225
227
232
234
235
236
237
244
247
248
249
250
251
252
253
254
255
266
267
268
269
270
271
272
273
274
275
276
277
278
279
280
281
282
283
285
289
290
291
292
293
294
295
296
297
298
299
300
301
302
303
304
305
306
307
308
309
310
311
312
313
314
315
316
318
322
323
324
325
326
327
328
329
330
331
332
333
334
335
336
337
338
339
342
343
344
351
353
354
355
356
357
358
359
360
361
362
363
364
367
368
369
376
378
380
381
382
383
390
393
394
395
396
397
404
405
406
407
408
409
410
411
412
413
414
415
416
417
418
420
421
422
423
424
425
426
427
428
429
430
431
432
433
434
436
441
446
450
451
452
453
454
461
464
465
467
468
469
470
471
472
473
474
475
476
477
478
479
480
481
482
483
484
485
486
487
488
489
490
491
492
493
494
495
496
497
498
499
500
501
502
503
504
505
506
507
508
509
510
511
513
520
521
523
524
525
526
534
535
536
537
538
539
540
541
542
543
544
545
546
547
552
553
554
555
556
557
558
559
560
564
565
567
571
572
573
574
575
578
580
582
585
586
587
588
589
590
591
592
593
594
595
596
597
598
599
600
601
602
603
604
605
606
607
608
609
610
611
612
613
614
616
620
621
622
623
624
625
626
627
628
629
630
631
632
633
634
635
636
637
638
639
640
641
642
643
644
645
646
647
648
649
650
651
652
653
654
655
656
657
658
659
660
661
662
663
664
665
666
667
669
670
671
672
673
674
675
677
678
679
680
681
682
683
694
706
707
709
710
711
718
719
721
722
723
724
726
727
728
729
730
731
735
736
737
738
739
741
742
743
744
745
746
747
748
749
750
751
752
753
754
755
756
757
759
760
761
762
770
771
773
774
775
776
778
779
780
782
783
784
786
787
788
789
790
791
792
793
794
795
796
797
798
800
801
802
803
804
805
806
807
808
809
810
811
812
815
816
817
824
832
833
835
836
837
838
839
842
849
850
851
852
853
854
855
856
857
858
860
864
865
866
868
869
871
872
873
874
875
876
877
880
884
885
886
887
888
895
898
899
901
902
903
905
906
908
909
911
912
914
915
917
918
920
921
923
924
925
926
932
933
935
936
937
939
940
941
943
947
948
949
950
951
952
954
956
957
958
960
961
962
964
965
970
971
972
973
980
995
996
997
1001
1002
1003
1004
1005
1008
1014
1015
1016
1019
1020
1021
1022
1023
1024
1025
1026
1027
1028
1029
1030
1032
1034
1035
1036
1037
1038
1039
1040
1041
1043
1044
1046
1048
1051
1052
1053
1054
1055
1056
1059
1060
1062
1063
1064
1065
1066
1067
1068
1069
1070
1090
1091
1092
1099
1100
1101
1120
1121
1122
1125
1129
1130
1131
1133
1137
1138
1139
1140
1141
1142
1144
1146
1147
1148
1150
1151
1152
1154
1155
1160
1161
1162
1163
1170
1178
1179
1181
1189
1190
1192
1193
1194
1195
1197
1198
1199
1200
1201
1202
1203
1204
1206
1207
1208
1209
1211
1212
1213
1214
1215
1216
1219
1220
1221
1222
1223
1224
1225
1226
1227
1229
1230
1231
1232
1234
1235
1236
1237
1238
1239
1242
1243
1244
1245
1246
1247
1248
1249
1250
1252
1253
1254
1255
1257
1258
1259
1260
1261
1262
1263
1264
1266
1267
1268
1269
1271
1272
1273
1274
1275
1276
1279
1280
1281
1282
1283
1284
1285
1286
1288
1289
1290
1291
1293
1294
1295
1296
1297
1298
1301
1302
1303
1304
1305
1306
1313
1316
1318
1319
1321
1322
1323
1325
1327
1329
1331
1333
1335
1336
1337
1338
1342
1343
1344
1345
1346
1349
1350
1351
1353
1354
1355
1356
1357
1358
1359
1360
1361
1362
1363
1365
1366
1367
1368
1370
1371
1372
1373
1374
1375
1376
1377
1379
1381
1382
1383
1384
1385
1386
1387
1388
1390
1391
1393
1395
1398
1399
1400
1401
1402
1403
1406
1407
1409
1410
1411
1412
1413
1414
1415
1416
1417
1418
1419
1420
1421
1422
1424
1426
1427
1428
1429
1430
1431
1432
1433
1435
1436
1437
1439
1440
1441
1442
1443
1444
1446
1447
1448
1449
1450
1451
1452
1453
1454
1455
1459
1460
1461
1462
1463
1464
1465
1466
1468
1469
1470
1471
1473
1474
1475
1483
1484
1485
1486
1487
1488
1489
1490
1495
1507
1508
1509
1510
1517
1518
1519
1520
1521
1522
1523
1524
1526
1528
1529
1530
1532
1534
1536
1538
1540
1541
1542
1543
1544
1547
1548
1555
1556
1557
1558
1559
1560
1561
1562
1563
1564
1569
1570
1573
1577
1578
1583
1584
1586
1593
1594
1595
1596
1597
1598
1599
1600
1601
1602
1603
1604
1605
1606
1607
1608
1610
1611
1615
1616
1617
1618
1619
1620
1621
1622
1623
1624
1626
1628
1630
1632
1634
1635
1636
1638
1640
1642
1644
1646
1648
1649
1651
1652
1653
1654
1655
1658
1661
1662
1664
1665
1667
1670
1682
1684
1686
1688
1690
1692
1693
1695
1696
1697
1700
1703
1705
1706
1707
1708
1709
1712
1715
1716
1718
1719
1721
1724
1736
1738
1740
1742
1744
1746
1747
1749
1750
1751
1754
1757
1758
1759
1760
1761
1762
1763
1764
1766
1767
1768
1769
1770
1771
1772
1773
1774
1775
1776
1777
1778
1781
1782
1783
1790
1798
1799
1801
1806
1818
1819
1820
1821
1822
1823
1824
1825
1826
1827
1828
1829
1832
1833
1834
1841
1849
1850
1851
1852
1853
1854
1855
1856
1857
1858
1859
1860
1861
1862
1863
1864
1865
1866
1867
1868
1869
1870
1871
1872
1873
1874
1876
1877
1887
1888
1890
1891
1892
1893
1897
1899
1901
1903
1905
1907
1909
1910
1911
1915
1916
1917
1918
1920
1921
1922
1924
1928
1929
1930
1931
1932
1939
1942
1943
1945
1946
1947
1948
1949
1950
1951
1952
1953
1954
1955
1957
1958
1962
1963
1964
1965
1966
1967
1968
1969
1970
1971
1972
1973
1976
1977
1978
1985
1993
1994
1996
2001
2013
2014
2015
2016
2017
2018
2019
2020
2021
2022
2023
2024
2027
2028
2029
2036
2044
2045
2047
2048
2049
2050
2053
2054
2055
2056
2057
2058
2059
2060
2061
2062
2063
2064
2066
2067
2068
2069
2070
2071
2072
2073
2074
2075
2076
2077
2079
2080
2083
2086
2087
2100
2101
2102
2103
2104
2105
2106
2107
2108
2109
2110
2111
2112
2113
2114
2115
2118
2119
2120
2127
2135
2136
2138
2140
2142
2143
2144
2146
2148
2150
2152
2154
2155
2156
2157
2158
2159
2160
2161
2162
2163
2165
2166
2167
2174
2175
2177
2178
2179
2180
2182
2185
2188
2189
2202
2203
2204
2205
2206
2207
2208
2209
2210
2211
2212
2213
2214
2215
2216
2217
2220
2221
2222
2229
2237
2238
2240
2242
2243
2244
2245
2246
2247
2248
2249
2250
2251
2253
2254
2255
2262
2263
2265
2266
2267
2268
2270
2273
2276
2277
2290
2291
2292
2293
2294
2295
2296
2297
2298
2299
2300
2301
2302
2303
2304
2305
2308
2309
2310
2317
2325
2326
2328
2330
2332
2333
2334
2336
2338
2340
2342
2344
2345
2346
2347
2348
2349
2350
2351
2352
2353
2355
2356
2357
2364
2365
2367
2368
2369
2370
2372
2375
2378
2379
2392
2393
2394
2395
2402
2403
2405
2406
2407
2408
2409
2410
2413
2416
2417
2430
2435
2440
2441
2443
2444
2445
