2
3
4
5
6
7
8
9
10
11
12
13
14
15
16
17
18
19
20
21
22
23
24
25
26
27
28
29
30
31
32
33
34
35
36
37
38
39
40
41
42
43
44
45
46
47
48
49
50
51
52
53
55
56
57
58
59
60
61
62
63
64
65
66
67
68
69
70
74
75
76
77
78
79
80
81
82
83
84
85
86
87
88
90
91
94
97
98
105
106
107
108
109
110
111
112
113
114
115
118
121
124
125
126
127
130
131
132
133
134
135
136
139
142
143
144
161
162
163
164
165
166
168
169
171
172
173
174
175
176
177
178
179
181
182
183
184
185
186
187
188
189
190
191
192
193
194
195
197
198
201
203
207
208
209
210
211
212
214
216
218
219
220
222
223
224
225
226
228
230
231
248
249
250
251
252
253
254
255
256
258
259
261
263
264
265
267
271
272
273
274
275
276
278
280
281
282
284
285
286
288
289
290
292
294
295
304
305
306
307
308
309
310
311
312
313
314
315
316
318
319
320
321
322
323
324
325
326
327
328
329
330
331
332
334
335
337
341
342
343
344
345
346
347
348
349
350
351
353
355
356
357
359
360
361
363
364
365
367
369
370
387
388
389
390
391
392
393
394
395
396
397
398
399
400
401
402
403
404
407
410
411
413
414
416
419
422
424
425
426
427
428
429
430
431
433
434
436
437
438
439
440
443
446
447
449
450
452
455
458
460
461
463
464
466
467
469
470
472
474
475
476
478
479
480
481
482
483
484
485
486
487
488
489
490
501
502
505
515
516
517
518
519
520
521
522
523
524
525
526
527
530
531
532
533
534
535
536
537
538
539
540
541
542
551
552
553
559
560
561
562
563
564
565
566
567
568
577
578
579
581
582
583
584
585
588
589
590
593
594
595
598
599
600
601
602
603
604
605
606
607
608
609
610
611
612
613
614
616
617
618
619
620
621
626
627
628
629
630
631
632
633
634
635
636
637
638
639
643
644
645
646
647
648
649
650
651
652
653
654
655
656
660
661
662
663
664
665
666
667
668
669
670
671
672
673
677
678
679
680
681
682
683
684
685
686
687
688
689
690
694
695
696
697
698
699
700
701
702
703
704
705
706
707
711
712
713
714
715
716
717
718
719
720
721
722
723
724
728
729
730
731
732
733
734
735
736
737
738
739
740
741
745
746
747
748
749
750
751
752
753
754
755
756
757
758
762
763
764
765
766
767
768
769
770
771
772
773
774
775
779
780
781
782
783
784
785
786
787
788
789
790
791
792
796
797
798
799
800
801
802
803
804
805
806
807
808
809
813
814
815
816
817
818
819
820
821
822
823
824
825
826
830
831
832
833
834
836
837
838
839
840
841
842
