58
59
63
64
65
66
67
68
73
74
75
76
81
83
113
114
115
116
117
118
119
120
135
136
137
138
139
140
141
142
143
144
145
146
147
148
149
150
151
152
153
154
155
156
157
158
161
162
164
180
181
186
197
198
199
200
205
206
207
208
210
211
212
213
214
216
217
218
219
221
223
224
233
234
246
248
249
250
251
252
253
258
259
260
264
266
267
268
269
270
278
281
282
292
293
294
295
296
297
298
299
300
301
305
307
310
312
314
315
316
317
318
319
320
321
322
323
324
325
326
327
328
341
343
364
366
367
368
369
385
386
387
388
389
390
391
394
409
410
412
413
415
416
417
418
422
423
424
425
426
427
428
429
430
431
432
433
434
435
447
448
449
450
467
470
471
485
496
502
503
504
505
506
507
508
509
510
511
512
516
518
519
520
532
533
543
544
545
546
548
550
551
552
553
554
555
556
557
558
559
560
561
562
563
564
565
566
567
568
569
573
574
575
576
577
578
579
580
581
582
583
584
585
593
594
595
596
597
598
599
600
601
602
603
604
605
606
607
608
609
610
611
612
613
614
615
616
617
618
619
620
621
626
628
629
630
631
632
633
634
635
636
637
638
639
640
663
664
666
667
668
669
670
671
672
673
674
675
676
683
684
685
686
691
692
693
694
699
700
701
703
704
705
706
709
710
711
712
713
714
715
716
717
718
719
720
722
723
724
726
727
728
729
730
731
732
733
734
735
736
737
745
746
753
754
755
759
760
761
762
763
764
776
777
778
779
780
781
782
783
784
785
789
790
791
792
793
794
795
796
806
807
808
809
811
812
817
818
819
820
821
822
823
824
825
827
828
829
830
831
832
833
834
835
836
837
838
839
846
847
848
852
856
859
861
862
863
864
865
866
867
868
869
870
871
883
884
885
886
890
891
894
898
899
900
901
902
903
904
905
906
907
911
912
913
914
915
916
917
918
919
920
921
922
923
924
925
926
927
928
929
930
931
932
933
934
938
939
940
941
942
943
944
945
946
947
948
949
953
954
955
962
963
964
965
966
967
968
969
970
971
972
973
974
975
976
977
978
979
980
981
982
983
984
985
986
987
988
989
990
991
992
993
997
998
999
1000
1001
1002
1003
1004
1005
1006
1008
1009
1010
1011
1012
1013
1014
1015
1018
1019
1020
1021
1022
1023
1025
1026
1031
1032
1033
1034
1036
1039
1040
1041
1042
1043
1044
1048
1049
1053
1054
1055
1056
1057
1058
1059
1060
1061
1062
1063
1064
1065
1066
1067
1068
1069
1070
1071
1072
1073
1074
1075
1076
1077
1078
1079
1080
1081
1082
1083
1087
1088
1099
1100
1101
1104
1105
1106
1107
1108
1109
1110
1111
1112
1113
1114
1115
1122
1126
1127
1129
1132
1133
1134
1135
1136
1149
1151
1152
1153
1154
1160
1161
1165
1166
1167
1168
1169
1170
1171
1172
1173
1174
1175
1176
1177
1178
1180
1195
1196
1197
1198
1203
1204
1205
1206
1211
1212
1213
1214
1219
1220
1221
1222
1227
1228
1229
1230
1235
1236
1237
1238
1243
1244
1245
1246
1259
1260
1261
1262
1275
1276
1277
1278
1283
1284
1285
1286
1291
1292
1293
1294
1299
1300
1301
1302
1307
1308
1309
1310
1315
1316
1317
1318
1323
1324
1325
1326
1331
1332
1333
1334
1347
1348
1349
1350
1363
1364
1365
1366
1371
1372
1373
1374
1375
1376
1377
1378
1379
1380
1381
1382
1383
1385
1386
1390
1391
1398
1401
1402
1403
1404
1405
1406
1407
1408
1409
1410
1411
1412
1413
1414
1415
1418
1419
1420
1421
1422
1423
1424
1425
1434
1435
1436
1437
1438
1439
1440
1441
1442
1443
1444
1445
1446
1447
1448
1449
1450
1451
1452
1453
1454
1455
1456
1457
1458
1459
1460
1461
1462
1463
1464
1465
1466
1467
1468
1471
1473
1474
1475
1476
1477
1478
1479
1480
1481
1483
1492
1496
1498
1499
1500
1501
1502
1503
1504
1505
1506
1507
1508
