8
9
11
16
28
29
30
31
32
33
34
35
36
37
38
40
41
42
43
53
58
72
74
75
76
77
78
79
80
81
82
83
85
87
89
91
93
96
101
102
106
128
129
130
131
132
134
136
137
138
139
140
141
142
143
144
149
151
158
164
169
170
171
172
173
178
191
192
193
194
195
196
201
203
210
216
221
222
223
224
225
227
232
234
235
236
237
244
247
248
249
250
251
252
253
254
255
266
267
268
269
270
271
272
273
274
275
276
277
278
279
280
281
282
283
285
289
290
291
292
293
294
295
296
297
298
299
300
301
302
303
304
305
306
307
308
309
310
311
312
313
314
315
316
318
322
323
324
325
326
327
328
329
330
331
332
333
334
335
336
337
338
339
342
343
344
351
353
354
355
356
357
358
359
360
361
362
363
364
367
368
369
376
378
380
381
382
383
390
393
394
395
396
397
404
405
406
407
408
409
410
411
412
413
414
415
416
417
418
420
421
422
423
424
425
426
427
428
429
430
431
432
433
434
436
441
446
450
451
452
453
454
461
464
465
467
468
469
470
471
472
473
474
475
476
477
478
479
480
481
482
483
484
485
486
487
488
489
490
491
492
493
494
495
496
497
498
499
500
501
502
503
504
505
506
507
508
509
510
511
513
520
521
523
524
525
526
534
535
536
537
538
539
540
541
542
543
544
545
546
547
552
553
554
555
556
557
558
559
560
564
565
567
571
572
573
574
575
578
580
582
585
586
587
588
589
590
591
592
593
594
595
596
597
598
599
600
601
602
603
604
605
606
607
608
609
610
611
612
613
614
615
616
617
618
619
620
621
622
623
624
625
626
627
628
629
630
631
632
634
635
636
637
638
639
640
642
643
644
645
646
647
648
659
671
672
674
675
676
683
684
686
687
688
689
691
692
693
694
695
696
700
701
702
703
704
706
707
708
709
710
711
712
713
714
715
716
717
718
719
720
721
722
724
725
726
727
735
736
738
739
740
741
743
744
745
747
748
749
751
752
753
754
755
756
757
758
759
760
761
762
763
765
766
767
768
769
770
771
772
773
774
775
776
777
780
781
782
789
797
798
800
801
802
803
804
807
814
815
816
817
818
819
820
821
822
823
825
829
830
831
833
834
836
837
838
839
840
841
842
845
849
850
851
852
853
860
863
864
866
867
868
869
870
872
873
874
876
877
879
880
882
883
885
886
888
889
891
892
894
895
896
897
903
904
906
907
908
910
911
912
914
918
919
920
921
922
923
925
927
928
929
931
932
933
935
936
941
942
943
944
951
966
967
968
972
973
974
981
982
983
986
987
988
989
990
991
992
993
994
995
996
997
999
1001
1002
1003
1004
1005
1025
1026
1027
1034
1035
1036
1055
1056
1057
1060
1064
1065
1066
1068
1072
1073
1074
1075
1076
1077
1079
1081
1082
1083
1085
1086
1087
1089
1090
1095
1096
1097
1098
1105
1113
1114
1116
1124
1125
1127
1128
1129
1130
1132
1133
1134
1135
1136
1137
1138
1139
1141
1142
1143
1144
1146
1147
1148
1149
1150
1151
1154
1155
1156
1157
1158
1159
1160
1161
1162
1164
1165
1166
1167
1169
1170
1171
1172
1173
1174
1177
1178
1179
1180
1181
1182
1183
1184
1185
1187
1188
1189
1190
1192
1193
1194
1195
1196
1197
1198
1199
1201
1202
1203
1204
1206
1207
1208
1209
1210
1211
1214
1215
1216
1217
1218
1219
1220
1221
1223
1224
1225
1226
1228
1229
1230
1231
1232
1233
1236
1237
1238
1239
1240
1241
1248
1251
1253
1254
1256
1257
1258
1260
1262
1264
1266
1268
1270
1271
1272
1273
1277
1278
1279
1280
1281
1284
1285
1286
1288
1289
1290
1291
1292
1293
1294
1295
1296
1297
1298
1300
1301
1302
1303
1305
1306
1307
1308
1309
1310
1311
1312
1314
1316
1317
1318
1319
1320
1321
1322
1323
1325
1326
1328
1330
1333
1334
1335
1336
1337
1338
1341
1342
1344
1345
1346
1347
1348
1349
1350
1351
1352
1353
1354
1355
1356
1357
1359
1361
1362
1363
1364
1365
1366
1367
1368
1370
1371
1372
1374
1375
1376
1377
1378
1379
1381
1382
1383
1384
1385
1386
1387
1388
1389
1390
1394
1395
1396
1397
1398
1399
1400
1401
1403
1404
1405
1406
1408
1409
1410
1418
1419
1420
1421
1422
1423
1424
1425
1430
1442
1443
1444
1445
1452
1453
1454
1455
1456
1457
1458
1459
1461
1463
1464
1465
1467
1469
1471
1473
1475
1476
1477
1478
1479
1482
1483
1490
1491
1492
1493
1494
1495
1496
1497
1498
1499
1504
1505
1508
1512
1513
1518
1519
1521
1528
1529
1530
1531
1532
1533
1534
1535
1536
1537
1538
1539
1540
1541
1542
1543
1545
1546
1550
1551
1552
1553
1554
1555
1556
1557
1558
1559
1561
1563
1565
1567
1569
1570
1571
1573
1575
1577
1579
1581
1583
1584
1586
1587
1588
1589
1590
1593
1596
1597
1599
1600
1602
1605
1617
1619
1621
1623
1625
1627
1628
1630
1631
1632
1635
1638
1640
1641
1642
1643
1644
1647
1650
1651
1653
1654
1656
1659
1671
1673
1675
1677
1679
1681
1682
1684
1685
1686
1689
1692
1693
1694
1695
1696
1697
1698
1699
1701
1702
1703
1704
1705
1706
1707
1708
1709
1710
1711
1712
1713
1716
1717
1718
1725
1733
1734
1736
1741
1753
1754
1755
1756
1757
1758
1759
1760
1761
1762
1763
1764
1767
1768
1769
1776
1784
1785
1786
1787
1788
1789
1790
1791
1792
1793
1794
1795
1796
1797
1798
1799
1800
1801
1802
1803
1804
1805
1806
1807
1808
1809
1811
1812
1822
1823
1825
1826
1827
1828
1832
1834
1836
1838
1840
1842
1844
1845
1846
1850
1851
1852
1853
1855
1856
1857
1859
1863
1864
1865
1866
1867
1874
1877
1878
1880
1881
1882
1883
1884
1885
1886
1887
1888
1889
1890
1892
1893
1897
1898
1899
1900
1901
1902
1903
1904
1905
1906
1907
1908
1911
1912
1913
1920
1928
1929
1931
1936
1948
1949
1950
1951
1952
1953
1954
1955
1956
1957
1958
1959
1962
1963
1964
1971
1979
1980
1982
1983
1984
1985
1988
1989
1990
1991
1992
1993
1994
1995
1996
1997
1998
1999
2001
2002
2003
2004
2005
2006
2007
2008
2009
2010
2011
2012
2014
2015
2018
2021
2022
2035
2036
2037
2038
2039
2040
2041
2042
2043
2044
2045
2046
2047
2048
2049
2050
2053
2054
2055
2062
2070
2071
2073
2075
2077
2078
2079
2081
2083
2085
2087
2089
2090
2091
2092
2093
2094
2095
2096
2097
2098
2100
2101
2102
2109
2110
2112
2113
2114
2115
2117
2120
2123
2124
2137
2138
2139
2140
2141
2142
2143
2144
2145
2146
2147
2148
2149
2150
2151
2152
2155
2156
2157
2164
2172
2173
2175
2177
2178
2179
2180
2181
2182
2183
2184
2185
2186
2188
2189
2190
2197
2198
2200
2201
2202
2203
2205
2208
2211
2212
2225
2226
2227
2228
2229
2230
2231
2232
2233
2234
2235
2236
2237
2238
2239
2240
2243
2244
2245
2252
2260
2261
2263
2265
2267
2268
2269
2271
2273
2275
2277
2279
2280
2281
2282
2283
2284
2285
2286
2287
2288
2290
2291
2292
2299
2300
2302
2303
2304
2305
2307
2310
2313
2314
2327
2328
2329
2330
2337
2338
2340
2341
2342
2343
2344
2345
2348
2351
2352
2365
2370
2375
2376
2378
2379
2380
