2
3
4
5
6
8
9
12
24
25
26
27
28
29
30
31
32
33
34
35
36
37
38
39
40
41
42
43
44
45
46
47
48
49
50
51
52
53
60
61
62
63
76
78
79
80
81
82
83
84
85
86
87
88
89
90
91
92
93
94
95
96
97
99
101
102
103
104
105
106
107
119
120
123
141
142
143
144
145
146
148
149
192
193
194
196
197
199
210
211
212
214
215
216
217
218
219
222
223
224
225
226
227
228
236
237
238
239
240
241
242
243
244
245
246
247
251
252
253
254
255
256
257
258
259
260
261
264
265
266
267
268
269
270
272
273
275
277
279
280
281
282
291
292
294
295
296
297
298
299
300
301
302
303
316
317
326
327
334
335
336
337
338
339
341
342
343
361
372
373
374
375
377
381
382
383
384
385
386
387
388
389
390
391
392
393
394
395
406
407
408
413
414
415
416
417
419
420
421
422
423
424
425
426
427
428
429
430
431
432
433
434
435
437
445
448
451
458
459
466
467
468
472
480
483
484
485
486
488
491
492
497
521
523
524
525
526
527
528
534
535
536
537
538
539
540
541
542
545
546
547
548
549
550
552
564
565
566
567
568
569
570
571
572
573
574
575
576
578
579
580
581
582
583
584
585
586
587
588
589
590
591
592
593
594
595
596
599
600
601
602
603
604
605
606
607
610
611
612
613
614
615
616
617
618
619
620
621
622
623
624
625
626
627
628
629
638
639
641
642
643
644
650
651
652
653
654
655
656
658
659
660
664
665
666
667
668
669
670
671
672
673
674
675
676
677
678
679
681
682
683
684
689
690
691
692
693
694
695
701
702
703
704
705
706
707
708
709
710
711
712
713
716
717
718
719
720
721
722
723
724
725
726
727
728
729
730
731
732
734
735
736
737
738
739
747
748
750
756
757
758
759
760
761
762
764
765
766
770
771
772
773
774
775
776
777
778
779
783
784
785
786
787
788
790
791
792
793
794
795
796
798
799
815
816
817
818
819
823
824
825
826
827
828
833
835
847
848
849
850
851
852
854
855
856
865
866
867
868
869
870
871
872
873
874
885
886
887
888
889
890
891
892
893
894
895
896
897
898
906
907
908
911
922
923
925
926
927
928
929
930
931
940
941
942
943
944
945
962
964
965
966
967
968
969
970
973
974
975
976
978
990
993
994
998
999
1001
1002
1003
1022
1023
1024
1025
1026
1027
1028
1029
1030
1031
1032
1033
1034
1035
1036
1037
1038
1039
1040
1041
1043
1044
1048
1049
1050
1051
1052
1053
1054
1055
1057
1060
1065
1066
1071
1101
1102
1103
1104
1106
1112
1113
1114
1115
1116
1117
1118
1119
1120
1121
1124
1125
1129
1131
1134
1135
1136
1144
1148
1153
1158
1163
1168
1169
1170
1171
1172
1181
1182
1183
1191
1192
1193
1194
1195
1196
1204
1205
1206
1207
1212
1215
1221
1222
1223
1224
1227
1229
1234
1237
1238
1243
1244
1245
