8
9
11
16
28
29
30
31
32
33
34
35
36
37
38
40
41
42
43
53
58
72
74
75
76
77
78
79
80
81
82
83
85
87
89
91
93
96
101
102
106
128
129
130
131
132
134
136
137
138
139
140
141
142
143
144
149
151
158
164
169
170
171
172
173
174
175
176
177
178
179
184
186
193
199
204
205
206
207
208
210
215
217
218
219
220
227
230
231
232
233
234
235
236
237
238
249
250
251
252
253
254
256
260
261
262
263
264
268
271
274
275
276
277
278
279
280
281
282
283
284
285
286
287
288
289
290
291
293
297
298
299
300
301
302
