8
9
11
16
28
29
30
31
32
33
34
35
36
37
38
40
41
42
43
53
58
72
74
75
76
77
78
79
80
81
82
83
85
87
89
91
93
96
101
102
106
128
129
130
131
132
134
136
137
138
139
140
141
142
143
144
149
151
158
164
169
170
171
172
173
178
191
192
193
194
195
196
201
203
210
216
221
222
223
224
225
227
232
234
235
236
237
244
247
248
249
250
251
252
253
254
255
266
267
268
269
270
271
272
273
274
275
276
277
278
279
280
281
282
283
285
289
290
291
292
293
294
295
296
297
298
299
300
301
302
303
304
305
306
307
308
309
310
311
312
313
314
315
316
318
322
323
324
325
326
327
328
329
330
331
332
333
334
335
336
337
338
339
342
343
344
351
353
354
355
356
357
358
359
360
361
362
363
364
367
368
369
376
378
380
381
382
383
390
393
394
395
396
397
404
405
406
407
408
409
410
411
412
413
414
415
416
417
418
420
421
422
423
424
425
426
427
428
429
430
431
432
433
434
436
441
446
450
451
452
453
454
461
464
465
467
468
469
470
471
472
473
474
475
476
477
478
479
480
481
482
483
484
485
486
487
488
489
490
491
492
493
494
495
496
497
498
499
500
501
502
503
504
505
506
507
508
509
510
511
513
520
521
523
524
525
526
534
535
536
537
538
539
540
541
542
543
544
545
546
547
552
553
554
555
556
557
558
559
560
564
565
567
571
572
573
574
575
578
580
582
585
586
587
588
589
590
591
592
593
594
595
596
597
598
599
600
601
602
603
604
605
606
607
608
609
610
611
612
613
614
615
616
617
618
619
620
621
622
623
624
625
626
627
628
629
630
631
632
634
635
636
637
638
639
640
642
643
644
645
646
647
648
659
671
672
674
675
676
683
684
686
687
688
689
691
692
693
694
695
696
700
701
702
703
704
706
707
708
709
710
711
712
713
714
715
716
717
718
719
720
721
722
724
725
726
727
735
736
738
739
740
741
743
744
745
747
748
749
751
752
753
754
755
756
757
758
759
760
761
762
763
765
766
767
768
769
770
771
772
773
774
775
776
777
780
781
782
789
797
798
800
801
802
803
804
807
814
815
816
817
818
819
820
821
822
823
825
829
830
831
833
834
836
837
838
839
840
841
842
845
849
850
851
852
853
860
863
864
866
867
868
869
870
872
873
874
876
877
879
880
882
883
885
886
888
889
891
892
894
895
896
897
903
904
906
907
908
910
911
912
914
918
919
920
921
922
923
925
927
928
929
931
932
933
935
936
941
942
943
944
951
966
967
968
972
973
974
975
976
979
985
986
987
990
991
992
993
994
995
996
997
998
999
1000
1001
1003
1005
1006
1007
1008
1009
1010
1011
1012
1014
1015
1016
1018
1019
1020
1021
1022
1023
1026
1027
1029
1030
1031
1032
1033
1034
1035
1036
1037
1057
1058
1059
1066
1067
1068
1087
1088
1089
1092
1096
1097
1098
1100
1104
1105
1106
1107
1108
1109
1111
1113
1114
1115
1117
1118
1119
1121
1122
1127
1128
1129
1130
1137
1145
1146
1148
1156
1157
1159
1160
1161
1162
1164
1165
1166
1167
1168
1169
1170
1171
1173
1174
1175
1176
1178
1179
1180
1181
1182
1183
1186
1187
1188
1189
1190
1191
1192
1193
1194
1196
1197
1198
1199
1201
1202
1203
1204
1205
1206
1209
1210
1211
1212
1213
1214
1215
1216
1217
1219
1220
1221
1222
1224
1225
1226
1227
1228
1229
1230
1231
1233
1234
1235
1236
1238
1239
1240
1241
1242
1243
1246
1247
1248
1249
1250
1251
1252
1253
1255
1256
1257
1258
1260
1261
1262
1263
1264
1265
1268
1269
1270
1271
1272
1273
1280
1283
1285
1286
1288
1289
1290
1292
1294
1296
1298
1300
1302
1303
1304
1305
1309
1310
1311
1312
1313
1316
1317
1318
1320
1321
1322
1323
1324
1325
1326
1327
1328
1329
1330
1332
1333
1334
1335
1337
1338
1339
1340
1341
1342
1343
1344
1346
1348
1349
1350
1351
1352
1353
1354
1355
1357
1358
1360
1362
1365
1366
1367
1368
1369
1370
1373
1374
1376
1377
1378
1379
1380
1381
1382
1383
1384
1385
1386
1387
1388
1389
1391
1393
1394
1395
1396
1397
1398
1399
1400
1402
1403
1404
1406
1407
1408
1409
1410
1411
1413
1414
1415
1416
1417
1418
1419
1420
1421
1422
1426
1427
1428
1429
1430
1431
1432
1433
1435
1436
1437
1438
1440
1441
1442
1450
1451
1452
1453
1454
1455
1456
1457
1462
1474
1475
1476
1477
1484
1485
1486
1487
1488
1489
1490
1491
1493
1495
1496
1497
1499
1501
1503
1505
1507
1508
1509
1510
1511
1514
1515
1522
1523
1524
1525
1526
1527
1528
1529
1530
1531
1536
1537
1540
1544
1545
1550
1551
1553
1560
1561
1562
1563
1564
1565
1566
1567
1568
1569
1570
1571
1572
1573
1574
1575
1577
1578
1582
1583
1584
1585
1586
1587
1588
1589
1590
1591
1593
1595
1597
1599
1601
1602
1603
1605
1607
1609
1611
1613
1615
1616
1618
1619
1620
1621
1622
1625
1628
1629
1631
1632
1634
1637
1649
1651
1653
1655
1657
1659
1660
1662
1663
1664
1667
1670
1672
1673
1674
1675
1676
1679
1682
1683
1685
1686
1688
1691
1703
1705
1707
1709
1711
1713
1714
1716
1717
1718
1721
1724
1725
1726
1727
1728
1729
1730
1731
1733
1734
1735
1736
1737
1738
1739
1740
1741
1742
1743
1744
1745
1748
1749
1750
1757
1765
1766
1768
1773
1785
1786
1787
1788
1789
1790
1791
1792
1793
1794
1795
1796
1799
1800
1801
1808
1816
1817
1818
1819
1820
1821
1822
1823
1824
1825
1826
1827
1828
1829
1830
1831
1832
1833
1834
1835
1836
1837
1838
1839
1840
1841
1843
1844
1854
1855
1857
1858
1859
1860
1864
1866
1868
1870
1872
1874
1876
1877
1878
1882
1883
1884
1885
1887
1888
1889
1891
1895
1896
1897
1898
1899
1906
1909
1910
1912
1913
1914
1915
1916
1917
1918
1919
1920
1921
1922
1924
1925
1929
1930
1931
1932
1933
1934
1935
1936
1937
1938
1939
1940
1943
1944
1945
1952
1960
1961
1963
1968
1980
1981
1982
1983
1984
1985
1986
1987
1988
1989
1990
1991
1994
1995
1996
2003
2011
2012
2014
2015
2016
2017
2020
2021
2022
2023
2024
2025
2026
2027
2028
2029
2030
2031
2033
2034
2035
2036
2037
2038
2039
2040
2041
2042
2043
2044
2046
2047
2050
2053
2054
2067
2068
2069
2070
2071
2072
2073
2074
2075
2076
2077
2078
2079
2080
2081
2082
2085
2086
2087
2094
2102
2103
2105
2107
2109
2110
2111
2113
2115
2117
2119
2121
2122
2123
2124
2125
2126
2127
2128
2129
2130
2132
2133
2134
2141
2142
2144
2145
2146
2147
2149
2152
2155
2156
2169
2170
2171
2172
2173
2174
2175
2176
2177
2178
2179
2180
2181
2182
2183
2184
2187
2188
2189
2196
2204
2205
2207
2209
2210
2211
2212
2213
2214
2215
2216
2217
2218
2220
2221
2222
2229
2230
2232
2233
2234
2235
2237
2240
2243
2244
2257
2258
2259
2260
2261
2262
2263
2264
2265
2266
2267
2268
2269
2270
2271
2272
2275
2276
2277
2284
2292
2293
2295
2297
2299
2300
2301
2303
2305
2307
2309
2311
2312
2313
2314
2315
2316
2317
2318
2319
2320
2322
2323
2324
2331
2332
2334
2335
2336
2337
2339
2342
2345
2346
2359
2360
2361
2362
2369
2370
2372
2373
2374
2375
2376
2377
2380
2383
2384
2397
2402
2407
2408
2410
2411
2412
