6
24
25
27
28
29
30
31
32
33
34
35
36
37
38
40
41
42
43
46
47
52
73
74
76
77
78
79
80
81
82
83
84
85
87
97
102
115
117
119
121
123
125
128
133
134
135
136
137
138
139
148
150
157
163
164
165
166
167
168
169
170
171
172
173
179
191
200
202
209
215
216
217
218
219
220
221
222
223
224
225
230
232
234
235
236
237
240
241
242
243
244
245
246
247
256
257
264
267
268
269
270
271
272
273
274
275
276
277
278
279
280
281
282
283
284
285
287
288
295
296
297
298
299
300
301
304
305
306
307
308
309
310
312
313
320
321
322
323
324
325
326
329
330
331
332
333
334
335
336
337
338
339
344
345
346
351
353
360
366
367
369
370
371
372
373
374
375
376
384
385
386
387
388
389
390
391
392
394
395
396
397
398
399
400
407
410
412
416
418
419
420
421
422
423
424
425
426
427
428
429
430
431
433
434
435
436
437
438
439
440
441
442
443
444
445
446
447
448
449
450
451
452
453
454
455
456
457
458
459
460
461
462
463
464
465
466
474
475
477
478
479
480
481
488
489
490
491
493
494
498
499
500
501
502
503
504
505
509
510
511
512
513
514
515
516
517
518
519
520
521
524
526
528
531
533
537
538
539
540
545
546
547
548
549
550
551
552
553
554
555
556
557
558
559
560
561
562
563
564
565
566
567
568
569
570
571
572
573
574
575
576
577
578
579
580
581
582
583
584
585
586
587
589
590
591
592
593
594
595
596
597
598
599
600
601
602
603
604
605
606
607
608
609
610
611
612
613
614
615
616
617
618
619
620
621
622
623
624
625
627
632
636
637
652
653
654
655
656
657
659
660
661
662
663
664
672
673
675
676
677
678
679
680
681
682
683
684
685
686
687
691
692
693
694
695
697
698
699
700
701
702
704
705
706
707
708
709
710
711
713
714
715
716
717
718
719
720
721
723
724
725
727
728
729
737
738
740
741
742
743
744
745
746
747
748
750
752
753
760
761
762
763
764
765
766
769
770
771
772
773
774
775
776
777
778
779
782
789
790
791
798
799
801
802
803
804
805
806
807
808
809
810
811
812
814
815
816
818
822
823
825
826
827
829
830
831
832
833
834
841
844
846
850
852
853
854
855
856
859
860
861
863
864
866
867
869
870
872
873
875
876
878
879
881
882
883
884
890
891
892
893
894
895
896
898
899
906
908
910
911
912
914
915
916
918
919
924
925
927
931
932
933
934
935
938
944
945
946
949
950
951
965
966
967
971
972
973
974
975
976
977
978
980
981
982
983
984
985
987
988
989
990
991
992
993
994
995
996
997
999
1000
1001
1002
1003
1004
1007
1008
1010
1012
1015
1016
1018
1019
1020
1040
1041
1042
1049
1050
1051
1070
1071
1072
1075
1079
1080
1081
1082
1083
1084
1085
1086
1088
1089
1096
1098
1100
1101
1102
1104
1105
1106
1108
1109
1114
1115
1117
1121
1129
1130
1132
1133
1134
1135
1143
1144
1146
1147
1148
1149
1150
1152
1153
1154
1155
1156
1157
1160
1161
1162
1163
1164
1165
1166
1167
1169
1170
1171
1172
1173
1175
1176
1177
1178
1179
1180
1183
1184
1185
1186
1187
1188
1189
1190
1192
1193
1194
1195
1197
1198
1199
1200
1201
1202
1203
1204
1206
1207
1208
1209
1211
1212
1213
1214
1215
1216
1219
1220
1221
1222
1223
1224
1225
1226
1228
1229
1230
1231
1233
1234
1235
1236
1237
1238
1241
1242
1243
1244
1245
1246
1247
1248
1250
1251
1252
1253
1254
1255
1256
1258
1259
1266
1269
1270
1272
1273
1274
1275
1276
1278
1279
1280
1283
1284
1285
1287
1289
1291
1293
1295
1297
1298
1299
1300
1304
1305
1306
1307
1308
1310
1311
1312
1313
1314
1315
1316
1317
1319
1320
1321
1322
1323
1324
1325
1327
1328
1329
1330
1331
1332
1334
1335
1336
1337
1338
1339
1340
1341
1343
1344
1345
1346
1347
1348
1351
1352
1354
1356
1359
1360
1362
1363
1364
1365
1366
1367
1368
1369
1370
1371
1372
1374
1376
1377
1378
1379
1380
1381
1382
1383
1385
1386
1387
1389
1390
1391
1392
1393
1394
1395
1397
1398
1399
1400
1401
1402
1403
1404
1405
1407
1408
1409
1410
1414
1415
1416
1417
1418
1419
1420
1421
1423
1424
1425
1431
1435
1436
1437
1438
1453
1454
1455
1456
1457
1458
1459
1460
1462
1464
1465
1466
1468
1469
1470
1471
1472
1474
1476
1478
1480
1487
1488
1489
1490
1491
1492
1493
1494
1495
1496
1497
1498
1499
1500
1501
1502
1503
1504
1505
1506
1507
1508
1513
1514
1517
1521
1522
1527
1528
1531
1532
1539
1540
1541
1542
1544
1551
1555
1556
1557
1558
1559
1560
1561
1562
1564
1566
1568
1570
1572
1574
1575
1576
1578
1580
1582
1584
1586
1588
1589
1590
1591
1592
1593
1594
1595
1596
1597
1598
1600
1603
1606
1608
1610
1612
1613
1616
1619
1620
1622
1623
1625
1628
1640
1642
1643
1645
1646
1647
1648
1649
1651
1652
1654
1657
1660
1662
1664
1666
1667
1670
1673
1674
1676
1677
1679
1682
1694
1696
1697
1699
1700
1701
1702
1703
1705
1706
1707
1708
1709
1710
1711
1712
1713
1714
1716
1718
1719
1726
1727
1728
1729
1730
1731
1732
1735
1736
1737
1738
1739
1740
1741
1746
1764
1765
1767
1769
1770
1777
1778
1779
1780
1781
1782
1783
1786
1787
1788
1789
1790
1791
1792
1793
1794
1795
1796
1803
1804
1805
1806
1807
1808
1809
1810
1811
1812
1813
1814
1815
1816
1817
1821
1822
1823
1824
1825
1826
1827
1828
1830
1832
1833
1834
1842
1843
1845
1846
1847
1848
1851
1853
1855
1857
1859
1861
1863
1864
1865
1869
1870
1871
1872
1873
1874
1875
1876
1877
1878
1885
1888
1890
1894
1896
1897
1898
1902
1903
1904
1905
1906
1907
1908
1909
1911
1913
1914
1921
1922
1923
1924
1925
1926
1927
1930
1931
1932
1933
1934
1935
1936
1941
1959
1960
1962
1964
1965
1972
1973
1974
1975
1976
1977
1978
1981
1982
1983
1984
1985
1986
1987
1988
1989
1990
1992
1993
1994
1995
2003
2004
2006
2007
2008
2009
2010
2011
2012
2013
2014
2016
2017
2018
2019
2020
2021
2022
2023
2024
2027
2030
2031
2044
2045
2046
2047
2048
2049
2050
2051
2053
2055
2056
2063
2064
2065
2066
2067
2068
2069
2072
2073
2074
2075
2076
2077
2078
2080
2082
2083
2084
2086
2088
2090
2092
2094
2101
2102
2104
2105
2106
2107
2108
2109
2110
2111
2112
2113
2114
2116
2117
2118
2119
2120
2121
2122
2125
2128
2129
2134
2135
2136
2152
2153
2155
2157
2158
2165
2166
2167
2168
2169
2170
2171
2174
2175
2176
2177
2178
2179
2180
2181
2182
2183
2185
2192
2193
2195
2196
2197
2198
2199
2200
2201
2202
2204
2205
2206
2207
2208
2209
2210
2211
2212
2214
2217
2220
2221
2240
2241
2243
2245
2246
2253
2254
2255
2256
2257
2258
2259
2262
2263
2264
2265
2266
2267
2268
2270
2272
2273
2274
2276
2278
2280
2282
2284
2291
2292
2294
2295
2296
2297
2298
2299
2300
2301
2302
2303
2304
2306
2307
2308
2309
2310
2311
2312
2315
2318
2319
2324
2325
2326
2342
2343
2345
2346
2349
2352
2353
2358
2359
2360
2361
2376
2377
2379
2383
2388
2390
2391
2393
2394
2395
