1
2
3
4
5
6
7
8
9
10
11
12
13
14
15
16
17
18
19
20
21
22
23
24
25
26
27
28
29
30
31
32
33
34
35
36
41
42
49
50
51
52
54
55
56
57
59
60
61
62
63
64
65
69
70
71
72
73
74
76
77
79
80
82
83
86
87
90
91
95
96
97
98
99
100
102
103
105
107
108
109
113
115
118
126
129
132
133
134
135
137
146
149
150
151
152
153
154
158
159
162
165
169
170
171
172
173
176
179
180
182
183
184
185
186
188
189
190
191
192
193
194
197
199
200
206
210
214
215
216
217
218
219
220
221
222
223
224
225
226
227
228
229
230
232
233
234
235
236
243
244
245
246
247
248
258
259
261
262
263
264
265
266
267
268
270
275
280
285
290
291
292
293
294
295
296
300
301
302
303
305
306
307
308
309
310
311
312
316
317
318
319
320
321
322
323
326
327
328
329
330
331
333
334
341
342
343
344
345
346
347
348
349
350
351
352
353
354
355
356
357
358
359
360
361
362
363
371
372
373
375
376
377
378
379
380
381
382
383
384
385
386
387
388
389
390
391
392
393
394
395
396
397
398
399
400
401
402
403
404
405
406
407
408
409
410
411
413
414
417
421
422
423
424
425
426
427
428
429
435
436
437
438
439
440
441
442
443
444
445
446
448
449
451
452
457
458
459
460
461
462
463
464
465
466
467
468
469
470
471
472
473
474
475
476
483
485
487
489
493
494
495
496
497
498
499
500
501
502
503
504
505
506
507
508
509
510
511
512
513
514
515
516
517
518
519
520
521
522
536
537
542
551
552
554
555
556
557
558
559
560
561
564
565
573
574
576
577
578
579
581
583
585
589
590
591
592
598
599
600
601
602
603
605
606
621
622
624
625
626
627
628
629
630
631
633
634
646
647
661
662
665
666
667
668
670
671
672
673
677
678
679
680
683
684
686
687
688
689
691
692
693
698
699
700
701
703
704
705
707
708
709
710
711
712
713
716
719
720
721
722
723
724
726
727
728
729
730
731
732
738
739
740
741
742
743
744
747
749
760
761
769
770
771
773
774
775
782
783
784
785
786
787
788
789
790
791
792
793
794
795
796
797
798
799
800
801
802
803
805
806
807
808
809
810
811
812
813
814
818
819
820
821
822
823
824
825
826
827
828
829
830
831
832
833
835
836
837
838
839
840
841
842
843
844
848
849
850
851
852
853
854
855
856
857
858
859
860
861
862
863
872
877
878
879
880
881
882
883
884
885
886
887
888
889
890
891
892
893
894
895
896
897
898
899
900
901
903
904
905
906
907
908
910
911
912
914
917
919
936
937
938
939
940
941
942
943
944
946
947
948
949
950
951
952
953
954
955
957
958
959
961
962
963
964
965
966
967
968
969
970
971
972
973
974
975
976
977
978
979
980
981
982
983
984
985
986
987
989
990
991
992
993
994
995
996
997
998
999
1000
1001
1002
1003
1004
1005
1006
1007
1008
1009
1010
1011
1012
1013
1014
1015
1017
1018
1019
1020
1021
1022
1023
1024
1025
1026
1027
1028
1029
1030
1031
1032
1033
1034
1035
1036
1037
1038
1039
1040
1041
1042
1045
1046
1047
1048
1049
1050
1051
1052
1053
1054
1055
1056
1057
1058
1059
1060
1072
1073
1074
1075
1079
1080
1081
1082
1083
1084
1097
1098
1108
1109
1119
1120
1123
1124
1125
1126
1127
1128
1129
1130
1131
1132
1133
1135
1136
1137
