8
9
11
16
28
29
30
31
32
33
34
35
36
37
38
40
41
42
43
53
58
72
74
75
76
77
78
79
80
81
82
83
85
87
89
91
93
96
101
102
106
128
129
130
131
132
134
136
137
138
139
140
141
142
143
144
149
151
158
164
169
170
171
172
173
178
191
192
193
194
195
196
201
203
210
216
221
222
223
224
225
227
232
234
235
236
237
244
247
248
249
250
251
252
253
254
255
266
267
268
269
270
271
272
273
274
275
276
277
278
279
280
281
282
283
285
289
290
291
292
293
294
295
296
297
298
299
300
301
302
303
304
305
306
307
308
309
310
311
312
313
314
315
316
318
322
323
324
325
326
327
328
329
330
331
332
333
334
335
336
337
338
339
342
343
344
351
353
354
355
356
357
358
359
360
361
362
363
364
367
368
369
376
378
380
381
382
383
390
393
394
395
396
397
404
405
406
407
408
409
410
411
412
413
414
415
416
417
418
420
421
422
423
424
425
426
427
428
429
430
431
432
433
434
436
441
446
450
451
452
453
454
461
464
465
467
468
469
470
471
472
473
474
475
476
477
478
479
480
481
482
483
484
485
486
487
488
489
490
491
492
493
494
495
496
497
498
499
500
501
502
503
504
505
506
507
508
509
510
511
513
520
521
523
524
525
526
534
535
536
537
538
539
540
541
542
543
544
545
546
547
552
553
554
555
556
557
558
559
560
564
565
567
571
572
573
574
575
578
580
582
585
586
587
588
589
590
591
592
593
594
595
596
597
598
599
600
601
602
603
604
605
606
607
608
609
610
611
612
613
614
616
620
621
622
623
624
625
626
627
628
629
630
631
632
633
634
635
636
637
638
639
640
641
642
643
644
645
646
647
648
649
650
651
652
653
654
655
656
657
658
659
660
661
662
663
664
665
666
667
669
670
671
672
673
674
675
677
678
679
680
681
682
683
694
706
707
709
710
711
718
719
721
722
723
724
726
727
728
729
730
731
735
736
737
738
739
741
742
743
744
745
746
747
748
749
750
751
752
753
754
755
756
757
759
760
761
762
770
771
773
774
775
776
778
779
780
782
783
784
786
787
788
789
790
791
792
793
794
795
796
797
798
800
801
802
803
804
805
806
807
808
809
810
811
812
815
816
817
824
832
833
835
836
837
838
839
842
849
850
851
852
853
854
855
856
857
858
860
864
865
866
868
869
871
872
873
874
875
876
877
880
884
885
886
887
888
895
898
899
901
902
903
904
905
907
908
909
911
912
914
915
917
918
920
921
923
924
926
927
929
930
931
932
938
939
941
942
943
945
946
947
949
953
954
955
956
957
958
960
962
963
964
966
967
968
970
971
976
977
978
979
986
1001
1002
1003
1007
1008
1009
1010
1011
1014
1020
1021
1022
1025
1026
1027
1028
1029
1030
1031
1032
1033
1034
1035
1036
1038
1040
1041
1042
1043
1044
1045
1046
1047
1049
1050
1052
1054
1057
1058
1059
1060
1061
1062
1065
1066
1068
1069
1070
1071
1072
1073
1074
1075
1076
1096
1097
1098
1105
1106
1107
1126
1127
1128
1131
1135
1136
1137
1139
1143
1144
1145
1146
1147
1148
1150
1152
1153
1154
1156
1157
1158
1160
1161
1166
1167
1168
1169
1176
1184
1185
1187
1195
1196
1198
1199
1200
1201
1203
1204
1205
1206
1207
1208
1209
1210
1212
1213
1214
1215
1217
1218
1219
1220
1221
1222
1225
1226
1227
1228
1229
1230
1231
1232
1233
1235
1236
1237
1238
1240
1241
1242
1243
1244
1245
1248
1249
1250
1251
1252
1253
1254
1255
1256
1258
1259
1260
1261
1263
1264
1265
1266
1267
1268
1269
1270
1272
1273
1274
1275
1277
1278
1279
1280
1281
1282
1285
1286
1287
1288
1289
1290
1291
1292
1294
1295
1296
1297
1299
1300
1301
1302
1303
1304
1307
1308
1309
1310
1311
1312
1319
1322
1324
1325
1327
1328
1329
1331
1333
1335
1337
1339
1341
1342
1343
1344
1348
1349
1350
1351
1352
1355
1356
1357
1359
1360
1361
1362
1363
1364
1365
1366
1367
1368
1369
1371
1372
1373
1374
1376
1377
1378
1379
1380
1381
1382
1383
1385
1387
1388
1389
1390
1391
1392
1393
1394
1396
1397
1399
1401
1404
1405
1406
1407
1408
1409
1412
1413
1415
1416
1417
1418
1419
1420
1421
1422
1423
1424
1425
1426
1427
1428
1430
1432
1433
1434
1435
1436
1437
1438
1439
1441
1442
1443
1445
1446
1447
1448
1449
1450
1452
1453
1454
1455
1456
1457
1458
1459
1460
1461
1465
1466
1467
1468
1469
1470
1471
1472
1474
1475
1476
1477
1479
1480
1481
1489
1490
1491
1492
1493
1494
1495
1496
1501
1513
1514
1515
1516
1523
1524
1525
1526
1527
1528
1529
1530
1532
1534
1535
1536
1538
1540
1542
1544
1546
1547
1548
1549
1550
1553
1554
1561
1562
1563
1564
1565
1566
1567
1568
1569
1570
1575
1576
1579
1583
1584
1589
1590
1592
1599
1600
1601
1602
1603
1604
1605
1606
1607
1608
1609
1610
1611
1612
1613
1614
1616
1617
1621
1622
1623
1624
1625
1626
1627
1628
1629
1630
1632
1634
1636
1638
1640
1641
1642
1644
1646
1648
1650
1652
1654
1655
1657
1658
1659
1660
1661
1664
1667
1668
1670
1671
1673
1676
1688
1690
1692
1694
1696
1698
1699
1701
1702
1703
1706
1709
1711
1712
1713
1714
1715
1718
1721
1722
1724
1725
1727
1730
1742
1744
1746
1748
1750
1752
1753
1755
1756
1757
1760
1763
1764
1765
1766
1767
1768
1769
1770
1772
1773
1774
1775
1776
1777
1778
1779
1780
1781
1782
1783
1784
1787
1788
1789
1796
1804
1805
1807
1812
1824
1825
1826
1827
1828
1829
1830
1831
1832
1833
1834
1835
1838
1839
1840
1847
1855
1856
1857
1858
1859
1860
1861
1862
1863
1864
1865
1866
1867
1868
1869
1870
1871
1872
1873
1874
1875
1876
1877
1878
1879
1880
1882
1883
1893
1894
1896
1897
1898
1899
1903
1905
1907
1909
1911
1913
1915
1916
1917
1921
1922
1923
1924
1926
1927
1928
1930
1934
1935
1936
1937
1938
1945
1948
1949
1951
1952
1953
1954
1955
1956
1957
1958
1959
1960
1961
1963
1964
1968
1969
1970
1971
1972
1973
1974
1975
1976
1977
1978
1979
1982
1983
1984
1991
1999
2000
2002
2007
2019
2020
2021
2022
2023
2024
2025
2026
2027
2028
2029
2030
2033
2034
2035
2042
2050
2051
2053
2054
2055
2056
2059
2060
2061
2062
2063
2064
2065
2066
2067
2068
2069
2070
2072
2073
2074
2075
2076
2077
2078
2079
2080
2081
2082
2083
2085
2086
2089
2092
2093
2106
2107
2108
2109
2110
2111
2112
2113
2114
2115
2116
2117
2118
2119
2120
2121
2124
2125
2126
2133
2141
2142
2144
2146
2148
2149
2150
2152
2154
2156
2158
2160
2161
2162
2163
2164
2165
2166
2167
2168
2169
2171
2172
2173
2180
2181
2183
2184
2185
2186
2188
2191
2194
2195
2208
2209
2210
2211
2212
2213
2214
2215
2216
2217
2218
2219
2220
2221
2222
2223
2226
2227
2228
2235
2243
2244
2246
2248
2249
2250
2251
2252
2253
2254
2255
2256
2257
2259
2260
2261
2268
2269
2271
2272
2273
2274
2276
2279
2282
2283
2296
2297
2298
2299
2300
2301
2302
2303
2304
2305
2306
2307
2308
2309
2310
2311
2314
2315
2316
2323
2331
2332
2334
2336
2338
2339
2340
2342
2344
2346
2348
2350
2351
2352
2353
2354
2355
2356
2357
2358
2359
2361
2362
2363
2370
2371
2373
2374
2375
2376
2378
2381
2384
2385
2398
2399
2400
2401
2408
2409
2411
2412
2413
2414
2415
2416
2419
2422
2423
2436
2441
2446
2447
2449
2450
2451
