1
2
3
4
5
6
8
9
20
22
24
25
26
27
28
29
30
31
32
33
34
35
36
37
38
39
40
41
42
43
44
45
46
47
48
49
50
51
52
53
60
61
62
63
65
67
79
80
81
82
83
84
85
86
87
88
89
90
91
92
93
94
95
96
97
100
101
119
192
193
194
196
198
199
210
211
212
214
215
216
217
218
219
222
223
224
225
226
227
228
236
237
238
241
242
243
244
245
246
247
248
249
250
251
252
255
257
258
259
260
261
262
263
264
265
266
267
268
269
270
272
273
275
277
281
282
287
288
294
295
296
297
298
299
300
301
302
303
361
372
373
374
375
377
381
382
383
384
385
386
387
388
389
390
391
392
393
394
395
407
408
409
413
414
415
416
417
419
421
422
423
424
425
426
427
428
430
432
435
436
437
439
446
449
456
457
464
465
466
468
469
470
472
475
484
487
490
496
497
514
515
516
517
518
519
528
530
532
533
534
535
536
537
538
546
548
560
562
564
565
566
567
568
576
577
578
579
580
582
583
584
585
586
587
588
589
590
591
592
593
594
597
598
599
600
601
602
603
604
605
607
608
609
611
612
613
614
