6
24
25
27
28
29
30
31
32
33
34
35
36
37
38
40
41
42
43
46
47
52
73
74
76
77
78
79
80
81
82
83
84
85
87
97
102
115
117
119
121
123
125
128
133
134
135
136
137
138
139
148
150
157
163
164
165
166
167
168
169
170
171
172
173
179
191
200
202
209
215
216
217
218
219
220
221
222
223
224
225
230
232
234
235
236
237
240
241
242
243
244
245
246
247
256
257
264
267
268
269
270
271
276
277
278
279
280
281
282
283
284
285
286
287
288
289
290
291
292
293
294
295
296
297
298
299
300
301
302
303
304
305
306
307
308
313
314
315
316
317
318
319
320
321
322
323
324
325
326
327
329
330
337
338
339
340
341
342
343
346
347
348
349
350
351
352
354
355
362
363
364
365
366
367
368
371
372
373
374
375
376
377
378
380
381
382
383
386
387
388
389
394
395
396
403
406
407
408
409
410
412
413
414
415
416
417
418
419
420
421
422
423
424
425
426
434
435
436
437
438
439
440
441
442
444
445
446
447
448
449
450
457
460
462
466
468
469
470
471
472
473
474
475
476
477
478
479
480
481
483
484
485
486
487
488
489
490
491
492
493
494
495
496
497
498
499
500
501
502
503
504
505
506
507
508
509
510
511
512
513
514
515
516
524
525
527
528
529
530
531
538
539
540
541
543
544
548
549
550
551
552
553
554
555
559
560
561
562
563
564
565
566
567
568
569
570
571
574
576
578
581
583
587
588
589
590
591
592
593
594
595
596
597
598
599
600
601
602
604
605
606
607
608
609
610
611
612
613
614
615
616
617
618
619
620
621
622
623
624
625
626
627
628
629
630
631
632
633
634
635
636
637
638
639
640
642
647
651
652
667
668
669
670
671
672
674
675
676
677
678
679
687
688
690
691
692
693
694
695
696
697
698
699
700
701
702
706
707
708
709
710
712
713
714
715
716
717
719
720
721
722
723
724
725
726
728
729
730
731
732
733
734
735
736
738
739
740
742
743
744
752
753
755
756
757
758
759
760
761
762
763
765
767
768
775
776
777
778
779
780
781
784
785
786
787
788
789
790
791
792
793
794
797
804
805
806
813
814
816
817
818
819
820
821
822
823
824
825
826
827
829
830
831
833
837
838
840
841
842
844
845
846
847
848
849
856
859
861
865
867
868
869
870
872
873
874
875
876
877
880
881
882
884
885
887
888
890
891
893
894
896
897
899
900
902
903
904
905
911
912
913
914
915
916
917
919
920
927
929
931
932
933
935
936
937
939
940
945
946
948
952
953
954
955
956
959
965
966
967
970
971
972
986
987
988
992
993
994
995
996
997
998
999
1001
1002
1003
1004
1005
1006
1008
1009
1010
1011
1012
1013
1014
1015
1016
1017
1018
1020
1021
1022
1023
1024
1025
1028
1029
1031
1033
1036
1037
1039
1040
1041
1061
1062
1063
1070
1071
1072
1091
1092
1093
1096
1100
1101
1102
1103
1104
1105
1106
1107
1109
1110
1117
1119
1121
1122
1123
1125
1126
1127
1129
1130
1135
1136
1138
1142
1150
1151
1153
1154
1155
1156
1164
1165
1167
1168
1169
1170
1171
1173
1174
1175
1176
1177
1178
1181
1182
1183
1184
1185
1186
1187
1188
1190
1191
1192
1193
1194
1196
1197
1198
1199
1200
1201
1204
1205
1206
1207
1208
1209
1210
1211
1213
1214
1215
1216
1218
1219
1220
1221
1222
1223
1224
1225
1227
1228
1229
1230
1232
1233
1234
1235
1236
1237
1240
1241
1242
1243
1244
1245
1246
1247
1249
1250
1251
1252
1254
1255
1256
1257
1258
1259
1262
1263
1264
1265
1266
1267
1268
1269
1271
1272
1273
1274
1275
1276
1277
1279
1280
1287
1290
1291
1293
1294
1295
1296
1297
1299
1300
1301
1304
1305
1306
1308
1310
1312
1314
1316
1318
1319
1320
1321
1325
1326
1327
1328
1329
1331
1332
1333
1334
1335
1336
1337
1338
1340
1341
1342
1343
1344
1345
1346
1347
1348
1349
1351
1352
1353
1354
1355
1356
1357
1358
1360
1361
1362
1363
1364
1365
1368
1369
1371
1373
1376
1377
1379
1380
1381
1382
1383
1384
1385
1386
1387
1388
1389
1391
1393
1394
1395
1396
1397
1398
1399
1400
1402
1403
1404
1406
1407
1408
1409
1410
1411
1412
1414
1415
1416
1417
1418
1419
1420
1421
1422
1424
1425
1426
1427
1431
1432
1433
1434
1435
1436
1437
1438
1440
1441
1442
1448
1452
1453
1454
1455
1470
1471
1472
1473
1474
1475
1476
1477
1479
1481
1482
1483
1485
1486
1487
1488
1489
1491
1493
1495
1497
1504
1505
1506
1507
1508
1509
1510
1511
1512
1513
1514
1515
1516
1517
1518
1519
1520
1521
1522
1523
1524
1525
1530
1531
1534
1538
1539
1544
1545
1548
1549
1556
1557
1558
1559
1561
1568
1572
1573
1574
1575
1576
1577
1578
1579
1581
1583
1585
1587
1589
1591
1592
1593
1595
1597
1599
1601
1603
1605
1606
1607
1608
1609
1610
1611
1612
1613
1614
1615
1617
1620
1623
1625
1627
1629
1630
1633
1636
1637
1639
1640
1642
1645
1657
1659
1660
1662
1663
1664
1665
1666
1668
1669
1671
1674
1677
1679
1681
1683
1684
1687
1690
1691
1693
1694
1696
1699
1711
1713
1714
1716
1717
1718
1719
1720
1722
1723
1724
1725
1726
1727
1728
1729
1730
1731
1733
1735
1736
1743
1744
1745
1746
1747
1748
1749
1752
1753
1754
1755
1756
1757
1758
1763
1781
1782
1784
1786
1787
1794
1795
1796
1797
1798
1799
1800
1803
1804
1805
1806
1807
1808
1809
1810
1811
1812
1813
1820
1821
1822
1823
1824
1825
1826
1827
1828
1829
1830
1831
1832
1833
1834
1838
1839
1840
1841
1842
1843
1844
1845
1847
1849
1850
1851
1859
1860
1862
1863
1864
1865
1868
1870
1872
1874
1876
1878
1880
1881
1882
1886
1887
1888
1889
1890
1891
1892
1893
1894
1895
1902
1905
1907
1911
1913
1914
1915
1919
1920
1921
1922
1923
1924
1925
1926
1928
1930
1931
1938
1939
1940
1941
1942
1943
1944
1947
1948
1949
1950
1951
1952
1953
1958
1976
1977
1979
1981
1982
1989
1990
1991
1992
1993
1994
1995
1998
1999
2000
2001
2002
2003
2004
2005
2006
2007
2009
2010
2011
2012
2020
2021
2023
2024
2025
2026
2027
2028
2029
2030
2031
2033
2034
2035
2036
2037
2038
2039
2040
2041
2044
2047
2048
2061
2062
2063
2064
2065
2066
2067
2068
2070
2072
2073
2080
2081
2082
2083
2084
2085
2086
2089
2090
2091
2092
2093
2094
2095
2097
2099
2100
2101
2103
2105
2107
2109
2111
2118
2119
2121
2122
2123
2124
2125
2126
2127
2128
2129
2130
2131
2133
2134
2135
2136
2137
2138
2139
2142
2145
2146
2151
2152
2153
2169
2170
2172
2174
2175
2182
2183
2184
2185
2186
2187
2188
2191
2192
2193
2194
2195
2196
2197
2198
2199
2200
2202
2209
2210
2212
2213
2214
2215
2216
2217
2218
2219
2221
2222
2223
2224
2225
2226
2227
2228
2229
2231
2234
2237
2238
2257
2258
2260
2262
2263
2270
2271
2272
2273
2274
2275
2276
2279
2280
2281
2282
2283
2284
2285
2287
2289
2290
2291
2293
2295
2297
2299
2301
2308
2309
2311
2312
2313
2314
2315
2316
2317
2318
2319
2320
2321
2323
2324
2325
2326
2327
2328
2329
2332
2335
2336
2341
2342
2343
2359
2360
2362
2363
2366
2369
2370
2375
2376
2377
2378
2393
2394
2396
2400
2405
2407
2408
2410
2411
2412
