1
2
3
4
5
6
8
9
21
23
24
25
26
27
28
29
30
31
32
33
34
35
36
37
38
39
40
41
42
43
44
45
46
47
48
49
50
51
52
53
60
61
62
63
66
68
79
80
81
82
83
84
85
86
87
88
89
90
91
92
93
94
95
96
97
99
100
101
102
103
104
105
106
107
119
120
123
192
193
194
196
197
199
210
211
212
214
215
216
217
218
219
222
223
224
225
226
227
228
236
237
238
239
240
241
242
243
244
247
248
249
250
252
253
254
255
256
257
258
259
260
261
264
265
266
267
268
269
270
272
273
275
277
281
282
291
292
294
295
296
297
298
299
300
301
302
303
360
372
373
374
375
377
381
382
383
384
385
386
387
388
389
390
391
392
393
394
395
407
408
409
413
414
415
416
417
419
420
421
422
423
424
425
426
427
428
429
430
431
432
434
435
436
438
440
448
451
458
459
466
467
468
472
473
474
475
477
485
488
492
495
496
516
517
518
522
523
524
525
526
527
534
535
536
537
538
539
540
544
546
562
564
565
567
568
569
570
571
572
574
582
583
584
585
586
587
588
589
590
591
592
593
594
595
596
599
600
601
602
603
604
605
606
607
609
610
611
612
613
614
615
616
617
618
619
620
621
624
625
626
627
628
629
630
631
632
633
641
642
644
650
651
652
653
654
655
659
664
665
666
667
668
669
670
671
672
673
674
678
679
680
681
682
683
685
686
687
689
690
691
692
693
694
695
696
697
701
702
703
704
705
706
707
708
709
710
711
712
713
715
716
717
718
719
720
723
724
725
726
727
728
729
730
731
732
733
734
735
736
737
745
746
747
748
749
750
751
755
759
760
761
762
763
764
766
767
768
769
775
776
777
778
779
780
782
786
787
788
789
790
791
792
798
799
815
816
817
818
822
823
824
825
826
827
832
833
834
898
922
923
928
964
994
1022
1023
1024
1030
1054
1057
1065
1071
1102
1114
1168
1189
1203
1216
1244
