58
59
63
64
65
66
67
68
73
74
75
76
77
79
113
114
115
116
117
118
119
120
124
136
137
138
139
140
141
142
143
144
145
146
147
148
149
150
151
152
153
154
155
156
157
158
160
161
163
181
182
186
197
198
199
200
205
206
207
208
210
211
212
213
215
216
217
218
219
224
225
230
232
233
246
248
249
250
251
252
253
259
260
261
265
266
267
268
269
270
277
280
281
292
293
294
295
296
297
298
299
300
301
305
307
310
312
314
315
316
317
318
319
320
321
322
323
324
325
326
327
328
340
342
363
364
366
367
368
369
384
385
386
387
388
389
390
393
410
411
412
413
414
415
416
417
418
420
421
422
423
424
425
426
427
428
429
430
431
443
444
445
457
458
459
460
466
469
470
480
499
502
503
504
505
506
507
508
509
510
511
515
516
517
518
519
520
532
533
540
541
542
543
548
549
550
551
552
553
554
555
556
557
558
559
560
561
562
563
564
565
566
567
571
572
573
574
575
576
577
578
579
580
581
582
583
584
589
593
594
595
596
597
598
599
600
601
602
603
604
605
606
607
608
609
610
611
612
613
614
615
616
617
618
619
620
627
628
629
630
631
632
633
634
635
636
637
638
640
662
663
665
666
667
668
669
670
671
672
673
674
675
682
683
684
685
690
691
692
693
698
699
700
701
703
704
705
706
709
710
711
712
713
714
715
716
717
718
719
720
722
723
724
726
727
728
729
730
731
732
733
734
735
736
741
742
743
751
752
754
758
759
760
761
762
764
765
775
776
777
778
779
780
781
782
783
784
785
789
790
791
792
794
805
806
807
808
810
811
816
817
818
819
820
821
822
823
824
826
827
828
829
830
831
832
833
834
835
836
837
838
844
846
847
848
852
856
857
858
859
860
861
862
863
864
865
866
867
868
869
871
882
883
884
885
889
892
893
897
898
899
900
901
902
903
904
905
906
910
911
912
913
914
915
916
917
918
919
920
921
922
923
924
925
926
927
928
929
930
931
932
936
937
938
939
940
941
942
943
944
945
946
947
948
1403
1404
1405
1407
1410
1416
1418
1419
1422
1424
1427
1444
1447
1450
1451
1452
1453
1454
1455
1456
1457
1458
1460
1461
1462
1463
1464
1465
1466
1467
1468
1469
1470
1471
1474
1475
1476
1477
1478
1479
1480
1487
1490
1493
1494
1495
1497
1499
1500
1501
1502
1503
1504
1505
1506
1507
1508
1509
1510
