2
3
4
5
6
7
8
9
10
11
12
13
14
15
16
17
18
19
20
21
22
23
24
25
26
27
28
29
30
31
32
33
34
35
36
37
38
39
40
41
42
43
44
45
46
47
48
49
50
51
52
53
55
56
57
58
59
60
61
62
63
64
65
67
68
69
70
71
72
73
74
75
76
77
78
79
80
81
82
86
87
88
89
90
91
92
93
94
95
96
97
98
99
100
102
103
106
108
112
113
114
115
116
117
119
121
123
124
125
127
128
129
130
131
133
135
136
153
154
155
156
157
158
159
160
161
162
163
165
166
168
169
171
172
173
174
175
176
177
178
179
181
182
183
184
185
186
187
188
189
190
191
192
193
194
195
197
198
201
204
205
212
213
214
215
216
217
218
219
220
221
222
225
228
231
232
233
234
237
238
239
240
241
242
243
246
249
250
251
268
269
270
271
272
273
275
276
278
279
280
281
282
283
284
285
286
289
293
294
295
296
297
300
302
304
307
312
324
325
326
327
328
329
330
331
332
333
336
340
341
342
343
344
347
349
351
354
359
371
372
373
374
375
376
377
378
379
380
382
383
385
389
390
391
392
393
394
395
396
397
398
399
401
403
404
405
407
408
409
411
412
413
415
417
418
435
436
437
438
439
440
441
442
443
444
445
446
447
448
449
450
451
452
455
458
459
461
462
464
467
470
472
473
474
475
476
477
478
479
481
482
484
485
486
487
488
491
494
495
497
498
500
503
506
508
509
511
512
514
515
517
518
520
522
523
524
526
527
528
529
530
531
532
533
534
535
536
537
538
549
550
553
563
564
565
566
567
568
569
570
571
572
573
574
575
578
579
580
581
582
583
584
585
586
587
588
589
590
599
600
601
607
608
609
610
611
612
613
614
615
616
625
626
627
633
634
635
636
638
640
641
642
644
646
648
650
652
653
654
657
658
659
660
661
662
663
664
665
666
667
668
669
672
673
674
675
676
677
678
679
680
681
682
683
684
685
686
687
688
690
691
692
693
694
695
700
701
702
703
704
705
706
707
708
709
710
711
712
713
717
718
719
720
721
722
723
724
725
726
727
728
729
730
734
735
736
737
738
739
740
741
742
743
744
745
746
747
751
752
753
754
755
756
757
758
759
760
761
762
763
764
768
769
770
771
772
773
774
775
776
777
778
779
780
781
785
786
787
788
789
790
791
792
793
794
795
796
797
798
802
803
804
805
806
807
808
809
810
811
812
813
814
815
819
820
821
822
823
824
825
826
827
828
829
830
831
832
836
837
838
839
840
841
842
843
844
845
846
847
848
849
853
854
855
856
857
858
859
860
861
862
863
864
865
866
870
871
872
873
874
875
876
877
878
879
880
881
882
883
887
888
889
890
891
892
893
894
895
896
897
898
899
900
904
905
906
907
908
910
911
912
913
914
915
916
