2
3
4
5
6
7
8
9
10
11
12
13
14
15
16
17
18
19
20
21
22
23
24
25
26
27
28
29
30
31
32
33
34
35
36
37
38
39
40
41
42
43
44
45
46
47
48
49
50
51
52
53
55
56
57
58
59
60
61
62
63
64
65
67
68
69
70
71
72
73
74
75
76
77
78
79
80
81
82
86
87
88
89
90
91
92
93
94
95
96
97
98
99
100
102
103
106
108
112
113
114
115
116
117
119
121
123
124
125
127
128
129
130
131
133
135
136
153
154
155
156
157
158
159
160
161
162
163
165
166
168
169
171
172
173
176
177
184
185
186
187
188
189
190
191
192
193
194
197
200
203
204
205
206
209
210
211
212
213
214
215
218
221
222
223
240
241
242
243
244
245
247
248
250
251
252
253
254
255
256
257
258
260
261
262
263
264
265
266
267
268
269
270
271
272
273
274
276
277
280
283
284
291
292
293
294
295
296
297
298
299
300
301
304
307
310
311
312
313
316
317
318
319
320
321
322
325
328
329
330
347
348
349
350
351
352
354
355
357
358
359
361
365
366
367
368
369
370
372
374
376
377
378
380
381
382
383
384
386
388
389
406
407
408
409
410
411
412
413
414
416
417
419
421
422
423
424
425
426
427
428
429
431
432
433
434
435
436
437
438
439
440
441
442
443
444
445
447
448
449
450
451
452
453
454
455
456
457
458
459
460
461
463
464
466
470
471
472
473
474
475
476
477
478
479
480
482
484
485
486
488
489
490
492
493
494
496
498
499
516
517
518
519
520
521
522
523
524
525
526
527
528
529
530
531
532
533
536
539
540
542
543
545
548
551
553
554
555
556
557
558
559
560
562
563
565
566
567
568
569
572
575
576
578
579
581
584
587
589
590
592
593
595
596
598
599
601
603
604
605
607
608
609
610
611
612
613
614
615
616
617
618
619
628
629
630
631
632
634
644
645
646
647
648
649
650
651
652
653
654
655
656
659
660
661
662
663
664
665
666
667
668
669
678
679
680
686
687
688
689
690
691
692
693
694
695
704
705
706
716
717
718
720
721
722
723
724
727
728
729
732
733
734
735
736
737
738
739
740
741
742
743
744
747
748
749
750
751
752
753
754
755
756
757
758
759
760
761
762
763
765
766
767
768
769
770
775
776
777
778
779
780
781
782
783
784
785
786
787
788
792
793
794
795
796
797
798
799
800
801
802
803
804
805
809
810
811
812
813
814
815
816
817
818
819
820
821
822
826
827
828
829
830
831
832
833
834
835
836
837
838
839
843
844
845
846
847
848
849
850
851
852
853
854
855
856
860
861
862
863
864
865
866
867
868
869
870
871
872
873
877
878
879
880
881
882
883
884
885
886
887
888
889
890
894
895
896
897
898
899
900
901
902
903
904
905
906
907
911
912
913
914
915
916
917
918
919
920
921
922
923
924
928
929
930
931
932
933
934
935
936
937
938
939
940
941
945
946
947
948
949
950
951
952
953
954
955
956
957
958
962
963
964
965
966
967
968
969
970
971
972
973
974
975
979
980
981
982
983
985
986
987
988
989
990
991
